 TITLE = "Solid temperature field"
 VARIABLES = "x" "y" "z" "Ts"
 ZONE I=         400  J=           1  K=           1  DATAPACKING=POINT
    1.2500000000E-05    5.0000000000E-02    5.0000000000E-02    5.1545311777E+02
    3.7500000000E-05    5.0000000000E-02    5.0000000000E-02    5.1549950784E+02
    6.2500000000E-05    5.0000000000E-02    5.0000000000E-02    5.1557357668E+02
    8.7500000000E-05    5.0000000000E-02    5.0000000000E-02    5.1567466341E+02
    1.1250000000E-04    5.0000000000E-02    5.0000000000E-02    5.1580212667E+02
    1.3750000000E-04    5.0000000000E-02    5.0000000000E-02    5.1595534409E+02
    1.6250000000E-04    5.0000000000E-02    5.0000000000E-02    5.1613371168E+02
    1.8750000000E-04    5.0000000000E-02    5.0000000000E-02    5.1633664339E+02
    2.1250000000E-04    5.0000000000E-02    5.0000000000E-02    5.1656357054E+02
    2.3750000000E-04    5.0000000000E-02    5.0000000000E-02    5.1681394136E+02
    2.6250000000E-04    5.0000000000E-02    5.0000000000E-02    5.1708722049E+02
    2.8750000000E-04    5.0000000000E-02    5.0000000000E-02    5.1738288851E+02
    3.1250000000E-04    5.0000000000E-02    5.0000000000E-02    5.1770044150E+02
    3.3750000000E-04    5.0000000000E-02    5.0000000000E-02    5.1803939060E+02
    3.6250000000E-04    5.0000000000E-02    5.0000000000E-02    5.1839926157E+02
    3.8750000000E-04    5.0000000000E-02    5.0000000000E-02    5.1877959437E+02
    4.1250000000E-04    5.0000000000E-02    5.0000000000E-02    5.1917994278E+02
    4.3750000000E-04    5.0000000000E-02    5.0000000000E-02    5.1959987398E+02
    4.6250000000E-04    5.0000000000E-02    5.0000000000E-02    5.2003896819E+02
    4.8750000000E-04    5.0000000000E-02    5.0000000000E-02    5.2049681828E+02
    5.1250000000E-04    5.0000000000E-02    5.0000000000E-02    5.2097302944E+02
    5.3750000000E-04    5.0000000000E-02    5.0000000000E-02    5.2146721879E+02
    5.6250000000E-04    5.0000000000E-02    5.0000000000E-02    5.2197901509E+02
    5.8750000000E-04    5.0000000000E-02    5.0000000000E-02    5.2250805835E+02
    6.1250000000E-04    5.0000000000E-02    5.0000000000E-02    5.2305399956E+02
    6.3750000000E-04    5.0000000000E-02    5.0000000000E-02    5.2361650038E+02
    6.6250000000E-04    5.0000000000E-02    5.0000000000E-02    5.2419523278E+02
    6.8750000000E-04    5.0000000000E-02    5.0000000000E-02    5.2478987881E+02
    7.1250000000E-04    5.0000000000E-02    5.0000000000E-02    5.2540013031E+02
    7.3750000000E-04    5.0000000000E-02    5.0000000000E-02    5.2602568858E+02
    7.6250000000E-04    5.0000000000E-02    5.0000000000E-02    5.2666626416E+02
    7.8750000000E-04    5.0000000000E-02    5.0000000000E-02    5.2732157655E+02
    8.1250000000E-04    5.0000000000E-02    5.0000000000E-02    5.2799135398E+02
    8.3750000000E-04    5.0000000000E-02    5.0000000000E-02    5.2867533313E+02
    8.6250000000E-04    5.0000000000E-02    5.0000000000E-02    5.2937325890E+02
    8.8750000000E-04    5.0000000000E-02    5.0000000000E-02    5.3008488420E+02
    9.1250000000E-04    5.0000000000E-02    5.0000000000E-02    5.3080996969E+02
    9.3750000000E-04    5.0000000000E-02    5.0000000000E-02    5.3154828358E+02
    9.6250000000E-04    5.0000000000E-02    5.0000000000E-02    5.3229960143E+02
    9.8750000000E-04    5.0000000000E-02    5.0000000000E-02    5.3306370592E+02
    1.0125000000E-03    5.0000000000E-02    5.0000000000E-02    5.3384038665E+02
    1.0375000000E-03    5.0000000000E-02    5.0000000000E-02    5.3462943997E+02
    1.0625000000E-03    5.0000000000E-02    5.0000000000E-02    5.3543066874E+02
    1.0875000000E-03    5.0000000000E-02    5.0000000000E-02    5.3624388222E+02
    1.1125000000E-03    5.0000000000E-02    5.0000000000E-02    5.3706889582E+02
    1.1375000000E-03    5.0000000000E-02    5.0000000000E-02    5.3790553096E+02
    1.1625000000E-03    5.0000000000E-02    5.0000000000E-02    5.3875361492E+02
    1.1875000000E-03    5.0000000000E-02    5.0000000000E-02    5.3961298061E+02
    1.2125000000E-03    5.0000000000E-02    5.0000000000E-02    5.4048346649E+02
    1.2375000000E-03    5.0000000000E-02    5.0000000000E-02    5.4136491638E+02
    1.2625000000E-03    5.0000000000E-02    5.0000000000E-02    5.4225717928E+02
    1.2875000000E-03    5.0000000000E-02    5.0000000000E-02    5.4316010928E+02
    1.3125000000E-03    5.0000000000E-02    5.0000000000E-02    5.4407356539E+02
    1.3375000000E-03    5.0000000000E-02    5.0000000000E-02    5.4499741139E+02
    1.3625000000E-03    5.0000000000E-02    5.0000000000E-02    5.4593151571E+02
    1.3875000000E-03    5.0000000000E-02    5.0000000000E-02    5.4687575133E+02
    1.4125000000E-03    5.0000000000E-02    5.0000000000E-02    5.4782999560E+02
    1.4375000000E-03    5.0000000000E-02    5.0000000000E-02    5.4879413013E+02
    1.4625000000E-03    5.0000000000E-02    5.0000000000E-02    5.4976804072E+02
    1.4875000000E-03    5.0000000000E-02    5.0000000000E-02    5.5075161718E+02
    1.5125000000E-03    5.0000000000E-02    5.0000000000E-02    5.5174475326E+02
    1.5375000000E-03    5.0000000000E-02    5.0000000000E-02    5.5274734652E+02
    1.5625000000E-03    5.0000000000E-02    5.0000000000E-02    5.5375929823E+02
    1.5875000000E-03    5.0000000000E-02    5.0000000000E-02    5.5478051327E+02
    1.6125000000E-03    5.0000000000E-02    5.0000000000E-02    5.5581090004E+02
    1.6375000000E-03    5.0000000000E-02    5.0000000000E-02    5.5685037034E+02
    1.6625000000E-03    5.0000000000E-02    5.0000000000E-02    5.5789883928E+02
    1.6875000000E-03    5.0000000000E-02    5.0000000000E-02    5.5895622522E+02
    1.7125000000E-03    5.0000000000E-02    5.0000000000E-02    5.6002244964E+02
    1.7375000000E-03    5.0000000000E-02    5.0000000000E-02    5.6109743708E+02
    1.7625000000E-03    5.0000000000E-02    5.0000000000E-02    5.6218111503E+02
    1.7875000000E-03    5.0000000000E-02    5.0000000000E-02    5.6327341389E+02
    1.8125000000E-03    5.0000000000E-02    5.0000000000E-02    5.6437426685E+02
    1.8375000000E-03    5.0000000000E-02    5.0000000000E-02    5.6548360984E+02
    1.8625000000E-03    5.0000000000E-02    5.0000000000E-02    5.6660138145E+02
    1.8875000000E-03    5.0000000000E-02    5.0000000000E-02    5.6772752284E+02
    1.9125000000E-03    5.0000000000E-02    5.0000000000E-02    5.6886197769E+02
    1.9375000000E-03    5.0000000000E-02    5.0000000000E-02    5.7000469213E+02
    1.9625000000E-03    5.0000000000E-02    5.0000000000E-02    5.7115561467E+02
    1.9875000000E-03    5.0000000000E-02    5.0000000000E-02    5.7231469612E+02
    2.0125000000E-03    5.0000000000E-02    5.0000000000E-02    5.7348188956E+02
    2.0375000000E-03    5.0000000000E-02    5.0000000000E-02    5.7465715025E+02
    2.0625000000E-03    5.0000000000E-02    5.0000000000E-02    5.7584043558E+02
    2.0875000000E-03    5.0000000000E-02    5.0000000000E-02    5.7703170504E+02
    2.1125000000E-03    5.0000000000E-02    5.0000000000E-02    5.7823092011E+02
    2.1375000000E-03    5.0000000000E-02    5.0000000000E-02    5.7943804425E+02
    2.1625000000E-03    5.0000000000E-02    5.0000000000E-02    5.8065304283E+02
    2.1875000000E-03    5.0000000000E-02    5.0000000000E-02    5.8187588309E+02
    2.2125000000E-03    5.0000000000E-02    5.0000000000E-02    5.8310653407E+02
    2.2375000000E-03    5.0000000000E-02    5.0000000000E-02    5.8434496660E+02
    2.2625000000E-03    5.0000000000E-02    5.0000000000E-02    5.8559115320E+02
    2.2875000000E-03    5.0000000000E-02    5.0000000000E-02    5.8684506807E+02
    2.3125000000E-03    5.0000000000E-02    5.0000000000E-02    5.8810668706E+02
    2.3375000000E-03    5.0000000000E-02    5.0000000000E-02    5.8937598759E+02
    2.3625000000E-03    5.0000000000E-02    5.0000000000E-02    5.9065294863E+02
    2.3875000000E-03    5.0000000000E-02    5.0000000000E-02    5.9193755064E+02
    2.4125000000E-03    5.0000000000E-02    5.0000000000E-02    5.9322977558E+02
    2.4375000000E-03    5.0000000000E-02    5.0000000000E-02    5.9452960682E+02
    2.4625000000E-03    5.0000000000E-02    5.0000000000E-02    5.9583702910E+02
    2.4875000000E-03    5.0000000000E-02    5.0000000000E-02    5.9715202856E+02
    2.5125000000E-03    5.0000000000E-02    5.0000000000E-02    5.9847459264E+02
    2.5375000000E-03    5.0000000000E-02    5.0000000000E-02    5.9980471005E+02
    2.5625000000E-03    5.0000000000E-02    5.0000000000E-02    6.0114237078E+02
    2.5875000000E-03    5.0000000000E-02    5.0000000000E-02    6.0248756605E+02
    2.6125000000E-03    5.0000000000E-02    5.0000000000E-02    6.0384028824E+02
    2.6375000000E-03    5.0000000000E-02    5.0000000000E-02    6.0520053093E+02
    2.6625000000E-03    5.0000000000E-02    5.0000000000E-02    6.0656828880E+02
    2.6875000000E-03    5.0000000000E-02    5.0000000000E-02    6.0794355766E+02
    2.7125000000E-03    5.0000000000E-02    5.0000000000E-02    6.0932633438E+02
    2.7375000000E-03    5.0000000000E-02    5.0000000000E-02    6.1071661691E+02
    2.7625000000E-03    5.0000000000E-02    5.0000000000E-02    6.1211440420E+02
    2.7875000000E-03    5.0000000000E-02    5.0000000000E-02    6.1351969620E+02
    2.8125000000E-03    5.0000000000E-02    5.0000000000E-02    6.1493249386E+02
    2.8375000000E-03    5.0000000000E-02    5.0000000000E-02    6.1635279906E+02
    2.8625000000E-03    5.0000000000E-02    5.0000000000E-02    6.1778061462E+02
    2.8875000000E-03    5.0000000000E-02    5.0000000000E-02    6.1921594427E+02
    2.9125000000E-03    5.0000000000E-02    5.0000000000E-02    6.2065879263E+02
    2.9375000000E-03    5.0000000000E-02    5.0000000000E-02    6.2210916518E+02
    2.9625000000E-03    5.0000000000E-02    5.0000000000E-02    6.2356706824E+02
    2.9875000000E-03    5.0000000000E-02    5.0000000000E-02    6.2503250896E+02
    3.0125000000E-03    5.0000000000E-02    5.0000000000E-02    6.2650549531E+02
    3.0375000000E-03    5.0000000000E-02    5.0000000000E-02    6.2798603603E+02
    3.0625000000E-03    5.0000000000E-02    5.0000000000E-02    6.2947414064E+02
    3.0875000000E-03    5.0000000000E-02    5.0000000000E-02    6.3096981941E+02
    3.1125000000E-03    5.0000000000E-02    5.0000000000E-02    6.3247308335E+02
    3.1375000000E-03    5.0000000000E-02    5.0000000000E-02    6.3398394419E+02
    3.1625000000E-03    5.0000000000E-02    5.0000000000E-02    6.3550241435E+02
    3.1875000000E-03    5.0000000000E-02    5.0000000000E-02    6.3702850695E+02
    3.2125000000E-03    5.0000000000E-02    5.0000000000E-02    6.3856223579E+02
    3.2375000000E-03    5.0000000000E-02    5.0000000000E-02    6.4010361533E+02
    3.2625000000E-03    5.0000000000E-02    5.0000000000E-02    6.4165266064E+02
    3.2875000000E-03    5.0000000000E-02    5.0000000000E-02    6.4320938747E+02
    3.3125000000E-03    5.0000000000E-02    5.0000000000E-02    6.4477381215E+02
    3.3375000000E-03    5.0000000000E-02    5.0000000000E-02    6.4634595164E+02
    3.3625000000E-03    5.0000000000E-02    5.0000000000E-02    6.4792582348E+02
    3.3875000000E-03    5.0000000000E-02    5.0000000000E-02    6.4951344578E+02
    3.4125000000E-03    5.0000000000E-02    5.0000000000E-02    6.5110883726E+02
    3.4375000000E-03    5.0000000000E-02    5.0000000000E-02    6.5271201714E+02
    3.4625000000E-03    5.0000000000E-02    5.0000000000E-02    6.5432300524E+02
    3.4875000000E-03    5.0000000000E-02    5.0000000000E-02    6.5594182187E+02
    3.5125000000E-03    5.0000000000E-02    5.0000000000E-02    6.5756848790E+02
    3.5375000000E-03    5.0000000000E-02    5.0000000000E-02    6.5920302470E+02
    3.5625000000E-03    5.0000000000E-02    5.0000000000E-02    6.6084545415E+02
    3.5875000000E-03    5.0000000000E-02    5.0000000000E-02    6.6249579862E+02
    3.6125000000E-03    5.0000000000E-02    5.0000000000E-02    6.6415408098E+02
    3.6375000000E-03    5.0000000000E-02    5.0000000000E-02    6.6582032456E+02
    3.6625000000E-03    5.0000000000E-02    5.0000000000E-02    6.6749455317E+02
    3.6875000000E-03    5.0000000000E-02    5.0000000000E-02    6.6917679109E+02
    3.7125000000E-03    5.0000000000E-02    5.0000000000E-02    6.7086706304E+02
    3.7375000000E-03    5.0000000000E-02    5.0000000000E-02    6.7256539419E+02
    3.7625000000E-03    5.0000000000E-02    5.0000000000E-02    6.7427181015E+02
    3.7875000000E-03    5.0000000000E-02    5.0000000000E-02    6.7598633695E+02
    3.8125000000E-03    5.0000000000E-02    5.0000000000E-02    6.7770900108E+02
    3.8375000000E-03    5.0000000000E-02    5.0000000000E-02    6.7943982939E+02
    3.8625000000E-03    5.0000000000E-02    5.0000000000E-02    6.8117884919E+02
    3.8875000000E-03    5.0000000000E-02    5.0000000000E-02    6.8292608817E+02
    3.9125000000E-03    5.0000000000E-02    5.0000000000E-02    6.8468157443E+02
    3.9375000000E-03    5.0000000000E-02    5.0000000000E-02    6.8644533644E+02
    3.9625000000E-03    5.0000000000E-02    5.0000000000E-02    6.8821740308E+02
    3.9875000000E-03    5.0000000000E-02    5.0000000000E-02    6.8999780361E+02
    4.0125000000E-03    5.0000000000E-02    5.0000000000E-02    6.9178656764E+02
    4.0375000000E-03    5.0000000000E-02    5.0000000000E-02    6.9358372518E+02
    4.0625000000E-03    5.0000000000E-02    5.0000000000E-02    6.9538930658E+02
    4.0875000000E-03    5.0000000000E-02    5.0000000000E-02    6.9720334257E+02
    4.1125000000E-03    5.0000000000E-02    5.0000000000E-02    6.9902586422E+02
    4.1375000000E-03    5.0000000000E-02    5.0000000000E-02    7.0085690296E+02
    4.1625000000E-03    5.0000000000E-02    5.0000000000E-02    7.0269649056E+02
    4.1875000000E-03    5.0000000000E-02    5.0000000000E-02    7.0454465914E+02
    4.2125000000E-03    5.0000000000E-02    5.0000000000E-02    7.0640144116E+02
    4.2375000000E-03    5.0000000000E-02    5.0000000000E-02    7.0826686939E+02
    4.2625000000E-03    5.0000000000E-02    5.0000000000E-02    7.1014097696E+02
    4.2875000000E-03    5.0000000000E-02    5.0000000000E-02    7.1202379730E+02
    4.3125000000E-03    5.0000000000E-02    5.0000000000E-02    7.1391536419E+02
    4.3375000000E-03    5.0000000000E-02    5.0000000000E-02    7.1581571170E+02
    4.3625000000E-03    5.0000000000E-02    5.0000000000E-02    7.1772487425E+02
    4.3875000000E-03    5.0000000000E-02    5.0000000000E-02    7.1964288655E+02
    4.4125000000E-03    5.0000000000E-02    5.0000000000E-02    7.2156978361E+02
    4.4375000000E-03    5.0000000000E-02    5.0000000000E-02    7.2350560077E+02
    4.4625000000E-03    5.0000000000E-02    5.0000000000E-02    7.2545037367E+02
    4.4875000000E-03    5.0000000000E-02    5.0000000000E-02    7.2740413824E+02
    4.5125000000E-03    5.0000000000E-02    5.0000000000E-02    7.2936693072E+02
    4.5375000000E-03    5.0000000000E-02    5.0000000000E-02    7.3133878763E+02
    4.5625000000E-03    5.0000000000E-02    5.0000000000E-02    7.3331974581E+02
    4.5875000000E-03    5.0000000000E-02    5.0000000000E-02    7.3530984237E+02
    4.6125000000E-03    5.0000000000E-02    5.0000000000E-02    7.3730911471E+02
    4.6375000000E-03    5.0000000000E-02    5.0000000000E-02    7.3931760053E+02
    4.6625000000E-03    5.0000000000E-02    5.0000000000E-02    7.4133533780E+02
    4.6875000000E-03    5.0000000000E-02    5.0000000000E-02    7.4336236479E+02
    4.7125000000E-03    5.0000000000E-02    5.0000000000E-02    7.4539872003E+02
    4.7375000000E-03    5.0000000000E-02    5.0000000000E-02    7.4744444236E+02
    4.7625000000E-03    5.0000000000E-02    5.0000000000E-02    7.4949957086E+02
    4.7875000000E-03    5.0000000000E-02    5.0000000000E-02    7.5156414491E+02
    4.8125000000E-03    5.0000000000E-02    5.0000000000E-02    7.5363820416E+02
    4.8375000000E-03    5.0000000000E-02    5.0000000000E-02    7.5572178853E+02
    4.8625000000E-03    5.0000000000E-02    5.0000000000E-02    7.5781493822E+02
    4.8875000000E-03    5.0000000000E-02    5.0000000000E-02    7.5991769368E+02
    4.9125000000E-03    5.0000000000E-02    5.0000000000E-02    7.6203009566E+02
    4.9375000000E-03    5.0000000000E-02    5.0000000000E-02    7.6415218514E+02
    4.9625000000E-03    5.0000000000E-02    5.0000000000E-02    7.6628400340E+02
    4.9875000000E-03    5.0000000000E-02    5.0000000000E-02    7.6842559198E+02
    5.0125000000E-03    5.0000000000E-02    5.0000000000E-02    7.7057699265E+02
    5.0375000000E-03    5.0000000000E-02    5.0000000000E-02    7.7273824750E+02
    5.0625000000E-03    5.0000000000E-02    5.0000000000E-02    7.7490939883E+02
    5.0875000000E-03    5.0000000000E-02    5.0000000000E-02    7.7709048922E+02
    5.1125000000E-03    5.0000000000E-02    5.0000000000E-02    7.7928156154E+02
    5.1375000000E-03    5.0000000000E-02    5.0000000000E-02    7.8148265888E+02
    5.1625000000E-03    5.0000000000E-02    5.0000000000E-02    7.8369382460E+02
    5.1875000000E-03    5.0000000000E-02    5.0000000000E-02    7.8591510232E+02
    5.2125000000E-03    5.0000000000E-02    5.0000000000E-02    7.8814653594E+02
    5.2375000000E-03    5.0000000000E-02    5.0000000000E-02    7.9038816958E+02
    5.2625000000E-03    5.0000000000E-02    5.0000000000E-02    7.9264004764E+02
    5.2875000000E-03    5.0000000000E-02    5.0000000000E-02    7.9490221478E+02
    5.3125000000E-03    5.0000000000E-02    5.0000000000E-02    7.9717471590E+02
    5.3375000000E-03    5.0000000000E-02    5.0000000000E-02    7.9945759617E+02
    5.3625000000E-03    5.0000000000E-02    5.0000000000E-02    8.0175090100E+02
    5.3875000000E-03    5.0000000000E-02    5.0000000000E-02    8.0405467608E+02
    5.4125000000E-03    5.0000000000E-02    5.0000000000E-02    8.0636896733E+02
    5.4375000000E-03    5.0000000000E-02    5.0000000000E-02    8.0869382094E+02
    5.4625000000E-03    5.0000000000E-02    5.0000000000E-02    8.1102928335E+02
    5.4875000000E-03    5.0000000000E-02    5.0000000000E-02    8.1337540125E+02
    5.5125000000E-03    5.0000000000E-02    5.0000000000E-02    8.1573222159E+02
    5.5375000000E-03    5.0000000000E-02    5.0000000000E-02    8.1809979158E+02
    5.5625000000E-03    5.0000000000E-02    5.0000000000E-02    8.2047815866E+02
    5.5875000000E-03    5.0000000000E-02    5.0000000000E-02    8.2286737056E+02
    5.6125000000E-03    5.0000000000E-02    5.0000000000E-02    8.2526747524E+02
    5.6375000000E-03    5.0000000000E-02    5.0000000000E-02    8.2767852091E+02
    5.6625000000E-03    5.0000000000E-02    5.0000000000E-02    8.3010055606E+02
    5.6875000000E-03    5.0000000000E-02    5.0000000000E-02    8.3253362942E+02
    5.7125000000E-03    5.0000000000E-02    5.0000000000E-02    8.3497778996E+02
    5.7375000000E-03    5.0000000000E-02    5.0000000000E-02    8.3743308694E+02
    5.7625000000E-03    5.0000000000E-02    5.0000000000E-02    8.3989956983E+02
    5.7875000000E-03    5.0000000000E-02    5.0000000000E-02    8.4237728840E+02
    5.8125000000E-03    5.0000000000E-02    5.0000000000E-02    8.4486629266E+02
    5.8375000000E-03    5.0000000000E-02    5.0000000000E-02    8.4736663285E+02
    5.8625000000E-03    5.0000000000E-02    5.0000000000E-02    8.4987835951E+02
    5.8875000000E-03    5.0000000000E-02    5.0000000000E-02    8.5240152341E+02
    5.9125000000E-03    5.0000000000E-02    5.0000000000E-02    8.5493617557E+02
    5.9375000000E-03    5.0000000000E-02    5.0000000000E-02    8.5748236730E+02
    5.9625000000E-03    5.0000000000E-02    5.0000000000E-02    8.6004015014E+02
    5.9875000000E-03    5.0000000000E-02    5.0000000000E-02    8.6260957590E+02
    6.0125000000E-03    5.0000000000E-02    5.0000000000E-02    8.6519069664E+02
    6.0375000000E-03    5.0000000000E-02    5.0000000000E-02    8.6778356469E+02
    6.0625000000E-03    5.0000000000E-02    5.0000000000E-02    8.7038823263E+02
    6.0875000000E-03    5.0000000000E-02    5.0000000000E-02    8.7300475332E+02
    6.1125000000E-03    5.0000000000E-02    5.0000000000E-02    8.7563317985E+02
    6.1375000000E-03    5.0000000000E-02    5.0000000000E-02    8.7827356560E+02
    6.1625000000E-03    5.0000000000E-02    5.0000000000E-02    8.8092596420E+02
    6.1875000000E-03    5.0000000000E-02    5.0000000000E-02    8.8359042954E+02
    6.2125000000E-03    5.0000000000E-02    5.0000000000E-02    8.8626701578E+02
    6.2375000000E-03    5.0000000000E-02    5.0000000000E-02    8.8895577734E+02
    6.2625000000E-03    5.0000000000E-02    5.0000000000E-02    8.9165676891E+02
    6.2875000000E-03    5.0000000000E-02    5.0000000000E-02    8.9437004543E+02
    6.3125000000E-03    5.0000000000E-02    5.0000000000E-02    8.9709566213E+02
    6.3375000000E-03    5.0000000000E-02    5.0000000000E-02    8.9983367450E+02
    6.3625000000E-03    5.0000000000E-02    5.0000000000E-02    9.0258413828E+02
    6.3875000000E-03    5.0000000000E-02    5.0000000000E-02    9.0534710950E+02
    6.4125000000E-03    5.0000000000E-02    5.0000000000E-02    9.0812264445E+02
    6.4375000000E-03    5.0000000000E-02    5.0000000000E-02    9.1091079968E+02
    6.4625000000E-03    5.0000000000E-02    5.0000000000E-02    9.1371163204E+02
    6.4875000000E-03    5.0000000000E-02    5.0000000000E-02    9.1652519862E+02
    6.5125000000E-03    5.0000000000E-02    5.0000000000E-02    9.1935155680E+02
    6.5375000000E-03    5.0000000000E-02    5.0000000000E-02    9.2219076423E+02
    6.5625000000E-03    5.0000000000E-02    5.0000000000E-02    9.2504287883E+02
    6.5875000000E-03    5.0000000000E-02    5.0000000000E-02    9.2790795880E+02
    6.6125000000E-03    5.0000000000E-02    5.0000000000E-02    9.3078606263E+02
    6.6375000000E-03    5.0000000000E-02    5.0000000000E-02    9.3367724905E+02
    6.6625000000E-03    5.0000000000E-02    5.0000000000E-02    9.3658157710E+02
    6.6875000000E-03    5.0000000000E-02    5.0000000000E-02    9.3949910609E+02
    6.7125000000E-03    5.0000000000E-02    5.0000000000E-02    9.4242989560E+02
    6.7375000000E-03    5.0000000000E-02    5.0000000000E-02    9.4537400551E+02
    6.7625000000E-03    5.0000000000E-02    5.0000000000E-02    9.4833149597E+02
    6.7875000000E-03    5.0000000000E-02    5.0000000000E-02    9.5130242741E+02
    6.8125000000E-03    5.0000000000E-02    5.0000000000E-02    9.5428686055E+02
    6.8375000000E-03    5.0000000000E-02    5.0000000000E-02    9.5728485639E+02
    6.8625000000E-03    5.0000000000E-02    5.0000000000E-02    9.6029647622E+02
    6.8875000000E-03    5.0000000000E-02    5.0000000000E-02    9.6332178162E+02
    6.9125000000E-03    5.0000000000E-02    5.0000000000E-02    9.6636083444E+02
    6.9375000000E-03    5.0000000000E-02    5.0000000000E-02    9.6941369685E+02
    6.9625000000E-03    5.0000000000E-02    5.0000000000E-02    9.7248043128E+02
    6.9875000000E-03    5.0000000000E-02    5.0000000000E-02    9.7556110046E+02
    7.0125000000E-03    5.0000000000E-02    5.0000000000E-02    9.7865576743E+02
    7.0375000000E-03    5.0000000000E-02    5.0000000000E-02    9.8176449550E+02
    7.0625000000E-03    5.0000000000E-02    5.0000000000E-02    9.8488734829E+02
    7.0875000000E-03    5.0000000000E-02    5.0000000000E-02    9.8802438970E+02
    7.1125000000E-03    5.0000000000E-02    5.0000000000E-02    9.9117568394E+02
    7.1375000000E-03    5.0000000000E-02    5.0000000000E-02    9.9434129551E+02
    7.1625000000E-03    5.0000000000E-02    5.0000000000E-02    9.9752128923E+02
    7.1875000000E-03    5.0000000000E-02    5.0000000000E-02    1.0007157302E+03
    7.2125000000E-03    5.0000000000E-02    5.0000000000E-02    1.0039246838E+03
    7.2375000000E-03    5.0000000000E-02    5.0000000000E-02    1.0071482157E+03
    7.2625000000E-03    5.0000000000E-02    5.0000000000E-02    1.0103863921E+03
    7.2875000000E-03    5.0000000000E-02    5.0000000000E-02    1.0136392791E+03
    7.3125000000E-03    5.0000000000E-02    5.0000000000E-02    1.0169069434E+03
    7.3375000000E-03    5.0000000000E-02    5.0000000000E-02    1.0201894520E+03
    7.3625000000E-03    5.0000000000E-02    5.0000000000E-02    1.0234868720E+03
    7.3875000000E-03    5.0000000000E-02    5.0000000000E-02    1.0267992711E+03
    7.4125000000E-03    5.0000000000E-02    5.0000000000E-02    1.0301267170E+03
    7.4375000000E-03    5.0000000000E-02    5.0000000000E-02    1.0334692780E+03
    7.4625000000E-03    5.0000000000E-02    5.0000000000E-02    1.0368270226E+03
    7.4875000000E-03    5.0000000000E-02    5.0000000000E-02    1.0402000195E+03
    7.5125000000E-03    5.0000000000E-02    5.0000000000E-02    1.0435883379E+03
    7.5375000000E-03    5.0000000000E-02    5.0000000000E-02    1.0469920472E+03
    7.5625000000E-03    5.0000000000E-02    5.0000000000E-02    1.0504112172E+03
    7.5875000000E-03    5.0000000000E-02    5.0000000000E-02    1.0538459179E+03
    7.6125000000E-03    5.0000000000E-02    5.0000000000E-02    1.0572962198E+03
    7.6375000000E-03    5.0000000000E-02    5.0000000000E-02    1.0607621935E+03
    7.6625000000E-03    5.0000000000E-02    5.0000000000E-02    1.0642439102E+03
    7.6875000000E-03    5.0000000000E-02    5.0000000000E-02    1.0677414411E+03
    7.7125000000E-03    5.0000000000E-02    5.0000000000E-02    1.0712548580E+03
    7.7375000000E-03    5.0000000000E-02    5.0000000000E-02    1.0747842330E+03
    7.7625000000E-03    5.0000000000E-02    5.0000000000E-02    1.0783296383E+03
    7.7875000000E-03    5.0000000000E-02    5.0000000000E-02    1.0818911467E+03
    7.8125000000E-03    5.0000000000E-02    5.0000000000E-02    1.0854688312E+03
    7.8375000000E-03    5.0000000000E-02    5.0000000000E-02    1.0890627652E+03
    7.8625000000E-03    5.0000000000E-02    5.0000000000E-02    1.0926730223E+03
    7.8875000000E-03    5.0000000000E-02    5.0000000000E-02    1.0962996765E+03
    7.9125000000E-03    5.0000000000E-02    5.0000000000E-02    1.0999428024E+03
    7.9375000000E-03    5.0000000000E-02    5.0000000000E-02    1.1036024745E+03
    7.9625000000E-03    5.0000000000E-02    5.0000000000E-02    1.1072787679E+03
    7.9875000000E-03    5.0000000000E-02    5.0000000000E-02    1.1109717580E+03
    8.0125000000E-03    5.0000000000E-02    5.0000000000E-02    1.1146815205E+03
    8.0375000000E-03    5.0000000000E-02    5.0000000000E-02    1.1184081316E+03
    8.0625000000E-03    5.0000000000E-02    5.0000000000E-02    1.1221516677E+03
    8.0875000000E-03    5.0000000000E-02    5.0000000000E-02    1.1259122055E+03
    8.1125000000E-03    5.0000000000E-02    5.0000000000E-02    1.1296898223E+03
    8.1375000000E-03    5.0000000000E-02    5.0000000000E-02    1.1334845954E+03
    8.1625000000E-03    5.0000000000E-02    5.0000000000E-02    1.1372966027E+03
    8.1875000000E-03    5.0000000000E-02    5.0000000000E-02    1.1411259224E+03
    8.2125000000E-03    5.0000000000E-02    5.0000000000E-02    1.1449726331E+03
    8.2375000000E-03    5.0000000000E-02    5.0000000000E-02    1.1488368137E+03
    8.2625000000E-03    5.0000000000E-02    5.0000000000E-02    1.1527185434E+03
    8.2875000000E-03    5.0000000000E-02    5.0000000000E-02    1.1566179019E+03
    8.3125000000E-03    5.0000000000E-02    5.0000000000E-02    1.1605349692E+03
    8.3375000000E-03    5.0000000000E-02    5.0000000000E-02    1.1644698256E+03
    8.3625000000E-03    5.0000000000E-02    5.0000000000E-02    1.1684225519E+03
    8.3875000000E-03    5.0000000000E-02    5.0000000000E-02    1.1723932292E+03
    8.4125000000E-03    5.0000000000E-02    5.0000000000E-02    1.1763819388E+03
    8.4375000000E-03    5.0000000000E-02    5.0000000000E-02    1.1803887628E+03
    8.4625000000E-03    5.0000000000E-02    5.0000000000E-02    1.1844137832E+03
    8.4875000000E-03    5.0000000000E-02    5.0000000000E-02    1.1884570827E+03
    8.5125000000E-03    5.0000000000E-02    5.0000000000E-02    1.1925187442E+03
    8.5375000000E-03    5.0000000000E-02    5.0000000000E-02    1.1965988510E+03
    8.5625000000E-03    5.0000000000E-02    5.0000000000E-02    1.2006974869E+03
    8.5875000000E-03    5.0000000000E-02    5.0000000000E-02    1.2048147360E+03
    8.6125000000E-03    5.0000000000E-02    5.0000000000E-02    1.2089506828E+03
    8.6375000000E-03    5.0000000000E-02    5.0000000000E-02    1.2131054121E+03
    8.6625000000E-03    5.0000000000E-02    5.0000000000E-02    1.2172790092E+03
    8.6875000000E-03    5.0000000000E-02    5.0000000000E-02    1.2214715597E+03
    8.7125000000E-03    5.0000000000E-02    5.0000000000E-02    1.2256831496E+03
    8.7375000000E-03    5.0000000000E-02    5.0000000000E-02    1.2299138654E+03
    8.7625000000E-03    5.0000000000E-02    5.0000000000E-02    1.2341637939E+03
    8.7875000000E-03    5.0000000000E-02    5.0000000000E-02    1.2384330224E+03
    8.8125000000E-03    5.0000000000E-02    5.0000000000E-02    1.2427216383E+03
    8.8375000000E-03    5.0000000000E-02    5.0000000000E-02    1.2470297298E+03
    8.8625000000E-03    5.0000000000E-02    5.0000000000E-02    1.2513573852E+03
    8.8875000000E-03    5.0000000000E-02    5.0000000000E-02    1.2557046933E+03
    8.9125000000E-03    5.0000000000E-02    5.0000000000E-02    1.2600717434E+03
    8.9375000000E-03    5.0000000000E-02    5.0000000000E-02    1.2644586251E+03
    8.9625000000E-03    5.0000000000E-02    5.0000000000E-02    1.2688654284E+03
    8.9875000000E-03    5.0000000000E-02    5.0000000000E-02    1.2732922437E+03
    9.0125000000E-03    5.0000000000E-02    5.0000000000E-02    1.2777391619E+03
    9.0375000000E-03    5.0000000000E-02    5.0000000000E-02    1.2822062743E+03
    9.0625000000E-03    5.0000000000E-02    5.0000000000E-02    1.2866936725E+03
    9.0875000000E-03    5.0000000000E-02    5.0000000000E-02    1.2912014487E+03
    9.1125000000E-03    5.0000000000E-02    5.0000000000E-02    1.2957296953E+03
    9.1375000000E-03    5.0000000000E-02    5.0000000000E-02    1.3002785052E+03
    9.1625000000E-03    5.0000000000E-02    5.0000000000E-02    1.3048479720E+03
    9.1875000000E-03    5.0000000000E-02    5.0000000000E-02    1.3094381892E+03
    9.2125000000E-03    5.0000000000E-02    5.0000000000E-02    1.3140492511E+03
    9.2375000000E-03    5.0000000000E-02    5.0000000000E-02    1.3186812525E+03
    9.2625000000E-03    5.0000000000E-02    5.0000000000E-02    1.3233342882E+03
    9.2875000000E-03    5.0000000000E-02    5.0000000000E-02    1.3280084539E+03
    9.3125000000E-03    5.0000000000E-02    5.0000000000E-02    1.3327038454E+03
    9.3375000000E-03    5.0000000000E-02    5.0000000000E-02    1.3374205591E+03
    9.3625000000E-03    5.0000000000E-02    5.0000000000E-02    1.3421586919E+03
    9.3875000000E-03    5.0000000000E-02    5.0000000000E-02    1.3469183410E+03
    9.4125000000E-03    5.0000000000E-02    5.0000000000E-02    1.3516996041E+03
    9.4375000000E-03    5.0000000000E-02    5.0000000000E-02    1.3565025792E+03
    9.4625000000E-03    5.0000000000E-02    5.0000000000E-02    1.3613273651E+03
    9.4875000000E-03    5.0000000000E-02    5.0000000000E-02    1.3661740606E+03
    9.5125000000E-03    5.0000000000E-02    5.0000000000E-02    1.3710427654E+03
    9.5375000000E-03    5.0000000000E-02    5.0000000000E-02    1.3759335792E+03
    9.5625000000E-03    5.0000000000E-02    5.0000000000E-02    1.3808466026E+03
    9.5875000000E-03    5.0000000000E-02    5.0000000000E-02    1.3857819363E+03
    9.6125000000E-03    5.0000000000E-02    5.0000000000E-02    1.3907396817E+03
    9.6375000000E-03    5.0000000000E-02    5.0000000000E-02    1.3957199404E+03
    9.6625000000E-03    5.0000000000E-02    5.0000000000E-02    1.4007228148E+03
    9.6875000000E-03    5.0000000000E-02    5.0000000000E-02    1.4057484075E+03
    9.7125000000E-03    5.0000000000E-02    5.0000000000E-02    1.4107968216E+03
    9.7375000000E-03    5.0000000000E-02    5.0000000000E-02    1.4158681609E+03
    9.7625000000E-03    5.0000000000E-02    5.0000000000E-02    1.4209625293E+03
    9.7875000000E-03    5.0000000000E-02    5.0000000000E-02    1.4260800314E+03
    9.8125000000E-03    5.0000000000E-02    5.0000000000E-02    1.4312207723E+03
    9.8375000000E-03    5.0000000000E-02    5.0000000000E-02    1.4363848575E+03
    9.8625000000E-03    5.0000000000E-02    5.0000000000E-02    1.4415723930E+03
    9.8875000000E-03    5.0000000000E-02    5.0000000000E-02    1.4467834853E+03
    9.9125000000E-03    5.0000000000E-02    5.0000000000E-02    1.4520182413E+03
    9.9375000000E-03    5.0000000000E-02    5.0000000000E-02    1.4572767685E+03
    9.9625000000E-03    5.0000000000E-02    5.0000000000E-02    1.4625591748E+03
    9.9875000000E-03    5.0000000000E-02    5.0000000000E-02    1.4678655686E+03
