 TITLE = "Solid temperature field"
 VARIABLES = "x" "y" "z" "Ts"
 ZONE I=          40  J=          20  K=           1  DATAPACKING=POINT
    1.0000000000E-01    2.5000000000E-02    5.0000000000E-01    3.9876701204E+02
    3.0000000000E-01    2.5000000000E-02    5.0000000000E-01    3.9897851107E+02
    5.0000000000E-01    2.5000000000E-02    5.0000000000E-01    3.9918568104E+02
    7.0000000000E-01    2.5000000000E-02    5.0000000000E-01    3.9936788854E+02
    9.0000000000E-01    2.5000000000E-02    5.0000000000E-01    3.9951905321E+02
    1.1000000000E+00    2.5000000000E-02    5.0000000000E-01    3.9963962064E+02
    1.3000000000E+00    2.5000000000E-02    5.0000000000E-01    3.9973314823E+02
    1.5000000000E+00    2.5000000000E-02    5.0000000000E-01    3.9980425496E+02
    1.7000000000E+00    2.5000000000E-02    5.0000000000E-01    3.9985750855E+02
    1.9000000000E+00    2.5000000000E-02    5.0000000000E-01    3.9989693126E+02
    2.1000000000E+00    2.5000000000E-02    5.0000000000E-01    3.9992584698E+02
    2.3000000000E+00    2.5000000000E-02    5.0000000000E-01    3.9994689670E+02
    2.5000000000E+00    2.5000000000E-02    5.0000000000E-01    3.9996212403E+02
    2.7000000000E+00    2.5000000000E-02    5.0000000000E-01    3.9997308063E+02
    2.9000000000E+00    2.5000000000E-02    5.0000000000E-01    3.9998092796E+02
    3.1000000000E+00    2.5000000000E-02    5.0000000000E-01    3.9998652574E+02
    3.3000000000E+00    2.5000000000E-02    5.0000000000E-01    3.9999050467E+02
    3.5000000000E+00    2.5000000000E-02    5.0000000000E-01    3.9999332399E+02
    3.7000000000E+00    2.5000000000E-02    5.0000000000E-01    3.9999531600E+02
    3.9000000000E+00    2.5000000000E-02    5.0000000000E-01    3.9999671990E+02
    4.1000000000E+00    2.5000000000E-02    5.0000000000E-01    3.9999770703E+02
    4.3000000000E+00    2.5000000000E-02    5.0000000000E-01    3.9999839966E+02
    4.5000000000E+00    2.5000000000E-02    5.0000000000E-01    3.9999888472E+02
    4.7000000000E+00    2.5000000000E-02    5.0000000000E-01    3.9999922381E+02
    4.9000000000E+00    2.5000000000E-02    5.0000000000E-01    3.9999946048E+02
    5.1000000000E+00    2.5000000000E-02    5.0000000000E-01    3.9999962542E+02
    5.3000000000E+00    2.5000000000E-02    5.0000000000E-01    3.9999974020E+02
    5.5000000000E+00    2.5000000000E-02    5.0000000000E-01    3.9999981997E+02
    5.7000000000E+00    2.5000000000E-02    5.0000000000E-01    3.9999987535E+02
    5.9000000000E+00    2.5000000000E-02    5.0000000000E-01    3.9999991374E+02
    6.1000000000E+00    2.5000000000E-02    5.0000000000E-01    3.9999994033E+02
    6.3000000000E+00    2.5000000000E-02    5.0000000000E-01    3.9999995872E+02
    6.5000000000E+00    2.5000000000E-02    5.0000000000E-01    3.9999997142E+02
    6.7000000000E+00    2.5000000000E-02    5.0000000000E-01    3.9999998017E+02
    6.9000000000E+00    2.5000000000E-02    5.0000000000E-01    3.9999998618E+02
    7.1000000000E+00    2.5000000000E-02    5.0000000000E-01    3.9999999028E+02
    7.3000000000E+00    2.5000000000E-02    5.0000000000E-01    3.9999999303E+02
    7.5000000000E+00    2.5000000000E-02    5.0000000000E-01    3.9999999482E+02
    7.7000000000E+00    2.5000000000E-02    5.0000000000E-01    3.9999999589E+02
    7.9000000000E+00    2.5000000000E-02    5.0000000000E-01    3.9999999640E+02
    1.0000000000E-01    7.5000000000E-02    5.0000000000E-01    3.9636214558E+02
    3.0000000000E-01    7.5000000000E-02    5.0000000000E-01    3.9695963684E+02
    5.0000000000E-01    7.5000000000E-02    5.0000000000E-01    3.9757121183E+02
    7.0000000000E-01    7.5000000000E-02    5.0000000000E-01    3.9811319946E+02
    9.0000000000E-01    7.5000000000E-02    5.0000000000E-01    3.9856383372E+02
    1.1000000000E+00    7.5000000000E-02    5.0000000000E-01    3.9892357849E+02
    1.3000000000E+00    7.5000000000E-02    5.0000000000E-01    3.9920277778E+02
    1.5000000000E+00    7.5000000000E-02    5.0000000000E-01    3.9941511416E+02
    1.7000000000E+00    7.5000000000E-02    5.0000000000E-01    3.9957417669E+02
    1.9000000000E+00    7.5000000000E-02    5.0000000000E-01    3.9969195105E+02
    2.1000000000E+00    7.5000000000E-02    5.0000000000E-01    3.9977835029E+02
    2.3000000000E+00    7.5000000000E-02    5.0000000000E-01    3.9984125506E+02
    2.5000000000E+00    7.5000000000E-02    5.0000000000E-01    3.9988676579E+02
    2.7000000000E+00    7.5000000000E-02    5.0000000000E-01    3.9991951584E+02
    2.9000000000E+00    7.5000000000E-02    5.0000000000E-01    3.9994297423E+02
    3.1000000000E+00    7.5000000000E-02    5.0000000000E-01    3.9995970934E+02
    3.3000000000E+00    7.5000000000E-02    5.0000000000E-01    3.9997160561E+02
    3.5000000000E+00    7.5000000000E-02    5.0000000000E-01    3.9998003540E+02
    3.7000000000E+00    7.5000000000E-02    5.0000000000E-01    3.9998599190E+02
    3.9000000000E+00    7.5000000000E-02    5.0000000000E-01    3.9999019004E+02
    4.1000000000E+00    7.5000000000E-02    5.0000000000E-01    3.9999314204E+02
    4.3000000000E+00    7.5000000000E-02    5.0000000000E-01    3.9999521344E+02
    4.5000000000E+00    7.5000000000E-02    5.0000000000E-01    3.9999666412E+02
    4.7000000000E+00    7.5000000000E-02    5.0000000000E-01    3.9999767831E+02
    4.9000000000E+00    7.5000000000E-02    5.0000000000E-01    3.9999838618E+02
    5.1000000000E+00    7.5000000000E-02    5.0000000000E-01    3.9999887951E+02
    5.3000000000E+00    7.5000000000E-02    5.0000000000E-01    3.9999922283E+02
    5.5000000000E+00    7.5000000000E-02    5.0000000000E-01    3.9999946146E+02
    5.7000000000E+00    7.5000000000E-02    5.0000000000E-01    3.9999962711E+02
    5.9000000000E+00    7.5000000000E-02    5.0000000000E-01    3.9999974196E+02
    6.1000000000E+00    7.5000000000E-02    5.0000000000E-01    3.9999982150E+02
    6.3000000000E+00    7.5000000000E-02    5.0000000000E-01    3.9999987651E+02
    6.5000000000E+00    7.5000000000E-02    5.0000000000E-01    3.9999991450E+02
    6.7000000000E+00    7.5000000000E-02    5.0000000000E-01    3.9999994068E+02
    6.9000000000E+00    7.5000000000E-02    5.0000000000E-01    3.9999995865E+02
    7.1000000000E+00    7.5000000000E-02    5.0000000000E-01    3.9999997091E+02
    7.3000000000E+00    7.5000000000E-02    5.0000000000E-01    3.9999997914E+02
    7.5000000000E+00    7.5000000000E-02    5.0000000000E-01    3.9999998449E+02
    7.7000000000E+00    7.5000000000E-02    5.0000000000E-01    3.9999998771E+02
    7.9000000000E+00    7.5000000000E-02    5.0000000000E-01    3.9999998921E+02
    1.0000000000E-01    1.2500000000E-01    5.0000000000E-01    3.9408550250E+02
    3.0000000000E-01    1.2500000000E-01    5.0000000000E-01    3.9500813776E+02
    5.0000000000E-01    1.2500000000E-01    5.0000000000E-01    3.9599839493E+02
    7.0000000000E-01    1.2500000000E-01    5.0000000000E-01    3.9688680794E+02
    9.0000000000E-01    1.2500000000E-01    5.0000000000E-01    3.9762847907E+02
    1.1000000000E+00    1.2500000000E-01    5.0000000000E-01    3.9822158889E+02
    1.3000000000E+00    1.2500000000E-01    5.0000000000E-01    3.9868234237E+02
    1.5000000000E+00    1.2500000000E-01    5.0000000000E-01    3.9903297771E+02
    1.7000000000E+00    1.2500000000E-01    5.0000000000E-01    3.9929576823E+02
    1.9000000000E+00    1.2500000000E-01    5.0000000000E-01    3.9949042233E+02
    2.1000000000E+00    1.2500000000E-01    5.0000000000E-01    3.9963326777E+02
    2.3000000000E+00    1.2500000000E-01    5.0000000000E-01    3.9973729875E+02
    2.5000000000E+00    1.2500000000E-01    5.0000000000E-01    3.9981258211E+02
    2.7000000000E+00    1.2500000000E-01    5.0000000000E-01    3.9986676842E+02
    2.9000000000E+00    1.2500000000E-01    5.0000000000E-01    3.9990558856E+02
    3.1000000000E+00    1.2500000000E-01    5.0000000000E-01    3.9993328723E+02
    3.3000000000E+00    1.2500000000E-01    5.0000000000E-01    3.9995297992E+02
    3.5000000000E+00    1.2500000000E-01    5.0000000000E-01    3.9996693615E+02
    3.7000000000E+00    1.2500000000E-01    5.0000000000E-01    3.9997679881E+02
    3.9000000000E+00    1.2500000000E-01    5.0000000000E-01    3.9998375075E+02
    4.1000000000E+00    1.2500000000E-01    5.0000000000E-01    3.9998863961E+02
    4.3000000000E+00    1.2500000000E-01    5.0000000000E-01    3.9999207039E+02
    4.5000000000E+00    1.2500000000E-01    5.0000000000E-01    3.9999447330E+02
    4.7000000000E+00    1.2500000000E-01    5.0000000000E-01    3.9999615332E+02
    4.9000000000E+00    1.2500000000E-01    5.0000000000E-01    3.9999732600E+02
    5.1000000000E+00    1.2500000000E-01    5.0000000000E-01    3.9999814332E+02
    5.3000000000E+00    1.2500000000E-01    5.0000000000E-01    3.9999871216E+02
    5.5000000000E+00    1.2500000000E-01    5.0000000000E-01    3.9999910755E+02
    5.7000000000E+00    1.2500000000E-01    5.0000000000E-01    3.9999938203E+02
    5.9000000000E+00    1.2500000000E-01    5.0000000000E-01    3.9999957235E+02
    6.1000000000E+00    1.2500000000E-01    5.0000000000E-01    3.9999970415E+02
    6.3000000000E+00    1.2500000000E-01    5.0000000000E-01    3.9999979532E+02
    6.5000000000E+00    1.2500000000E-01    5.0000000000E-01    3.9999985828E+02
    6.7000000000E+00    1.2500000000E-01    5.0000000000E-01    3.9999990167E+02
    6.9000000000E+00    1.2500000000E-01    5.0000000000E-01    3.9999993146E+02
    7.1000000000E+00    1.2500000000E-01    5.0000000000E-01    3.9999995177E+02
    7.3000000000E+00    1.2500000000E-01    5.0000000000E-01    3.9999996542E+02
    7.5000000000E+00    1.2500000000E-01    5.0000000000E-01    3.9999997429E+02
    7.7000000000E+00    1.2500000000E-01    5.0000000000E-01    3.9999997962E+02
    7.9000000000E+00    1.2500000000E-01    5.0000000000E-01    3.9999998211E+02
    1.0000000000E-01    1.7500000000E-01    5.0000000000E-01    3.9197323220E+02
    3.0000000000E-01    1.7500000000E-01    5.0000000000E-01    3.9315887530E+02
    5.0000000000E-01    1.7500000000E-01    5.0000000000E-01    3.9449230705E+02
    7.0000000000E-01    1.7500000000E-01    5.0000000000E-01    3.9570648426E+02
    9.0000000000E-01    1.7500000000E-01    5.0000000000E-01    3.9672563883E+02
    1.1000000000E+00    1.7500000000E-01    5.0000000000E-01    3.9754264913E+02
    1.3000000000E+00    1.7500000000E-01    5.0000000000E-01    3.9817821941E+02
    1.5000000000E+00    1.7500000000E-01    5.0000000000E-01    3.9866234867E+02
    1.7000000000E+00    1.7500000000E-01    5.0000000000E-01    3.9902545196E+02
    1.9000000000E+00    1.7500000000E-01    5.0000000000E-01    3.9929456865E+02
    2.1000000000E+00    1.7500000000E-01    5.0000000000E-01    3.9949215600E+02
    2.3000000000E+00    1.7500000000E-01    5.0000000000E-01    3.9963611529E+02
    2.5000000000E+00    1.7500000000E-01    5.0000000000E-01    3.9974033149E+02
    2.7000000000E+00    1.7500000000E-01    5.0000000000E-01    3.9981536657E+02
    2.9000000000E+00    1.7500000000E-01    5.0000000000E-01    3.9986913824E+02
    3.1000000000E+00    1.7500000000E-01    5.0000000000E-01    3.9990751453E+02
    3.3000000000E+00    1.7500000000E-01    5.0000000000E-01    3.9993480458E+02
    3.5000000000E+00    1.7500000000E-01    5.0000000000E-01    3.9995414889E+02
    3.7000000000E+00    1.7500000000E-01    5.0000000000E-01    3.9996782164E+02
    3.9000000000E+00    1.7500000000E-01    5.0000000000E-01    3.9997746074E+02
    4.1000000000E+00    1.7500000000E-01    5.0000000000E-01    3.9998424031E+02
    4.3000000000E+00    1.7500000000E-01    5.0000000000E-01    3.9998899853E+02
    4.5000000000E+00    1.7500000000E-01    5.0000000000E-01    3.9999233158E+02
    4.7000000000E+00    1.7500000000E-01    5.0000000000E-01    3.9999466218E+02
    4.9000000000E+00    1.7500000000E-01    5.0000000000E-01    3.9999628914E+02
    5.1000000000E+00    1.7500000000E-01    5.0000000000E-01    3.9999742318E+02
    5.3000000000E+00    1.7500000000E-01    5.0000000000E-01    3.9999821252E+02
    5.5000000000E+00    1.7500000000E-01    5.0000000000E-01    3.9999876122E+02
    5.7000000000E+00    1.7500000000E-01    5.0000000000E-01    3.9999914216E+02
    5.9000000000E+00    1.7500000000E-01    5.0000000000E-01    3.9999940632E+02
    6.1000000000E+00    1.7500000000E-01    5.0000000000E-01    3.9999958927E+02
    6.3000000000E+00    1.7500000000E-01    5.0000000000E-01    3.9999971583E+02
    6.5000000000E+00    1.7500000000E-01    5.0000000000E-01    3.9999980323E+02
    6.7000000000E+00    1.7500000000E-01    5.0000000000E-01    3.9999986347E+02
    6.9000000000E+00    1.7500000000E-01    5.0000000000E-01    3.9999990483E+02
    7.1000000000E+00    1.7500000000E-01    5.0000000000E-01    3.9999993302E+02
    7.3000000000E+00    1.7500000000E-01    5.0000000000E-01    3.9999995197E+02
    7.5000000000E+00    1.7500000000E-01    5.0000000000E-01    3.9999996429E+02
    7.7000000000E+00    1.7500000000E-01    5.0000000000E-01    3.9999997168E+02
    7.9000000000E+00    1.7500000000E-01    5.0000000000E-01    3.9999997515E+02
    1.0000000000E-01    2.2500000000E-01    5.0000000000E-01    3.9004372977E+02
    3.0000000000E-01    2.2500000000E-01    5.0000000000E-01    3.9143796491E+02
    5.0000000000E-01    2.2500000000E-01    5.0000000000E-01    3.9307458425E+02
    7.0000000000E-01    2.2500000000E-01    5.0000000000E-01    3.9458837076E+02
    9.0000000000E-01    2.2500000000E-01    5.0000000000E-01    3.9586702920E+02
    1.1000000000E+00    2.2500000000E-01    5.0000000000E-01    3.9689516156E+02
    1.3000000000E+00    2.2500000000E-01    5.0000000000E-01    3.9769638954E+02
    1.5000000000E+00    2.2500000000E-01    5.0000000000E-01    3.9830746112E+02
    1.7000000000E+00    2.2500000000E-01    5.0000000000E-01    3.9876621343E+02
    1.9000000000E+00    2.2500000000E-01    5.0000000000E-01    3.9910648861E+02
    2.1000000000E+00    2.2500000000E-01    5.0000000000E-01    3.9935648638E+02
    2.3000000000E+00    2.2500000000E-01    5.0000000000E-01    3.9953873416E+02
    2.5000000000E+00    2.2500000000E-01    5.0000000000E-01    3.9967073285E+02
    2.7000000000E+00    2.2500000000E-01    5.0000000000E-01    3.9976581156E+02
    2.9000000000E+00    2.2500000000E-01    5.0000000000E-01    3.9983397227E+02
    3.1000000000E+00    2.2500000000E-01    5.0000000000E-01    3.9988263386E+02
    3.3000000000E+00    2.2500000000E-01    5.0000000000E-01    3.9991724809E+02
    3.5000000000E+00    2.2500000000E-01    5.0000000000E-01    3.9994179047E+02
    3.7000000000E+00    2.2500000000E-01    5.0000000000E-01    3.9995914135E+02
    3.9000000000E+00    2.2500000000E-01    5.0000000000E-01    3.9997137607E+02
    4.1000000000E+00    2.2500000000E-01    5.0000000000E-01    3.9997998290E+02
    4.3000000000E+00    2.2500000000E-01    5.0000000000E-01    3.9998602464E+02
    4.5000000000E+00    2.2500000000E-01    5.0000000000E-01    3.9999025745E+02
    4.7000000000E+00    2.2500000000E-01    5.0000000000E-01    3.9999321763E+02
    4.9000000000E+00    2.2500000000E-01    5.0000000000E-01    3.9999528438E+02
    5.1000000000E+00    2.2500000000E-01    5.0000000000E-01    3.9999672514E+02
    5.3000000000E+00    2.2500000000E-01    5.0000000000E-01    3.9999772810E+02
    5.5000000000E+00    2.2500000000E-01    5.0000000000E-01    3.9999842536E+02
    5.7000000000E+00    2.2500000000E-01    5.0000000000E-01    3.9999890949E+02
    5.9000000000E+00    2.2500000000E-01    5.0000000000E-01    3.9999924523E+02
    6.1000000000E+00    2.2500000000E-01    5.0000000000E-01    3.9999947779E+02
    6.3000000000E+00    2.2500000000E-01    5.0000000000E-01    3.9999963867E+02
    6.5000000000E+00    2.2500000000E-01    5.0000000000E-01    3.9999974979E+02
    6.7000000000E+00    2.2500000000E-01    5.0000000000E-01    3.9999982637E+02
    6.9000000000E+00    2.2500000000E-01    5.0000000000E-01    3.9999987895E+02
    7.1000000000E+00    2.2500000000E-01    5.0000000000E-01    3.9999991481E+02
    7.3000000000E+00    2.2500000000E-01    5.0000000000E-01    3.9999993890E+02
    7.5000000000E+00    2.2500000000E-01    5.0000000000E-01    3.9999995457E+02
    7.7000000000E+00    2.2500000000E-01    5.0000000000E-01    3.9999996397E+02
    7.9000000000E+00    2.2500000000E-01    5.0000000000E-01    3.9999996837E+02
    1.0000000000E-01    2.7500000000E-01    5.0000000000E-01    3.8830509974E+02
    3.0000000000E-01    2.7500000000E-01    5.0000000000E-01    3.8986378876E+02
    5.0000000000E-01    2.7500000000E-01    5.0000000000E-01    3.9176293605E+02
    7.0000000000E-01    2.7500000000E-01    5.0000000000E-01    3.9354649473E+02
    9.0000000000E-01    2.7500000000E-01    5.0000000000E-01    3.9506308517E+02
    1.1000000000E+00    2.7500000000E-01    5.0000000000E-01    3.9628669440E+02
    1.3000000000E+00    2.7500000000E-01    5.0000000000E-01    3.9724227276E+02
    1.5000000000E+00    2.7500000000E-01    5.0000000000E-01    3.9797216811E+02
    1.7000000000E+00    2.7500000000E-01    5.0000000000E-01    3.9852077838E+02
    1.9000000000E+00    2.7500000000E-01    5.0000000000E-01    3.9892810360E+02
    2.1000000000E+00    2.7500000000E-01    5.0000000000E-01    3.9922760954E+02
    2.3000000000E+00    2.7500000000E-01    5.0000000000E-01    3.9944610252E+02
    2.5000000000E+00    2.7500000000E-01    5.0000000000E-01    3.9960444913E+02
    2.7000000000E+00    2.7500000000E-01    5.0000000000E-01    3.9971856651E+02
    2.9000000000E+00    2.7500000000E-01    5.0000000000E-01    3.9980041368E+02
    3.1000000000E+00    2.7500000000E-01    5.0000000000E-01    3.9985887022E+02
    3.3000000000E+00    2.7500000000E-01    5.0000000000E-01    3.9990046693E+02
    3.5000000000E+00    2.7500000000E-01    5.0000000000E-01    3.9992996961E+02
    3.7000000000E+00    2.7500000000E-01    5.0000000000E-01    3.9995083337E+02
    3.9000000000E+00    2.7500000000E-01    5.0000000000E-01    3.9996554901E+02
    4.1000000000E+00    2.7500000000E-01    5.0000000000E-01    3.9997590358E+02
    4.3000000000E+00    2.7500000000E-01    5.0000000000E-01    3.9998317375E+02
    4.5000000000E+00    2.7500000000E-01    5.0000000000E-01    3.9998826821E+02
    4.7000000000E+00    2.7500000000E-01    5.0000000000E-01    3.9999183162E+02
    4.9000000000E+00    2.7500000000E-01    5.0000000000E-01    3.9999431996E+02
    5.1000000000E+00    2.7500000000E-01    5.0000000000E-01    3.9999605489E+02
    5.3000000000E+00    2.7500000000E-01    5.0000000000E-01    3.9999726279E+02
    5.5000000000E+00    2.7500000000E-01    5.0000000000E-01    3.9999810265E+02
    5.7000000000E+00    2.7500000000E-01    5.0000000000E-01    3.9999868586E+02
    5.9000000000E+00    2.7500000000E-01    5.0000000000E-01    3.9999909036E+02
    6.1000000000E+00    2.7500000000E-01    5.0000000000E-01    3.9999937058E+02
    6.3000000000E+00    2.7500000000E-01    5.0000000000E-01    3.9999956444E+02
    6.5000000000E+00    2.7500000000E-01    5.0000000000E-01    3.9999969836E+02
    6.7000000000E+00    2.7500000000E-01    5.0000000000E-01    3.9999979066E+02
    6.9000000000E+00    2.7500000000E-01    5.0000000000E-01    3.9999985404E+02
    7.1000000000E+00    2.7500000000E-01    5.0000000000E-01    3.9999989727E+02
    7.3000000000E+00    2.7500000000E-01    5.0000000000E-01    3.9999992631E+02
    7.5000000000E+00    2.7500000000E-01    5.0000000000E-01    3.9999994519E+02
    7.7000000000E+00    2.7500000000E-01    5.0000000000E-01    3.9999995652E+02
    7.9000000000E+00    2.7500000000E-01    5.0000000000E-01    3.9999996183E+02
    1.0000000000E-01    3.2500000000E-01    5.0000000000E-01    3.8675943320E+02
    3.0000000000E-01    3.2500000000E-01    5.0000000000E-01    3.8844838261E+02
    5.0000000000E-01    3.2500000000E-01    5.0000000000E-01    3.9057105828E+02
    7.0000000000E-01    3.2500000000E-01    5.0000000000E-01    3.9259244148E+02
    9.0000000000E-01    3.2500000000E-01    5.0000000000E-01    3.9432267718E+02
    1.1000000000E+00    3.2500000000E-01    5.0000000000E-01    3.9572377353E+02
    1.3000000000E+00    3.2500000000E-01    5.0000000000E-01    3.9682058245E+02
    1.5000000000E+00    3.2500000000E-01    5.0000000000E-01    3.9765984082E+02
    1.7000000000E+00    3.2500000000E-01    5.0000000000E-01    3.9829154364E+02
    1.9000000000E+00    3.2500000000E-01    5.0000000000E-01    3.9876111062E+02
    2.1000000000E+00    3.2500000000E-01    5.0000000000E-01    3.9910672309E+02
    2.3000000000E+00    3.2500000000E-01    5.0000000000E-01    3.9935906332E+02
    2.5000000000E+00    3.2500000000E-01    5.0000000000E-01    3.9954207223E+02
    2.7000000000E+00    3.2500000000E-01    5.0000000000E-01    3.9967404624E+02
    2.9000000000E+00    3.2500000000E-01    5.0000000000E-01    3.9976875262E+02
    3.1000000000E+00    3.2500000000E-01    5.0000000000E-01    3.9983642623E+02
    3.3000000000E+00    3.2500000000E-01    5.0000000000E-01    3.9988460236E+02
    3.5000000000E+00    3.2500000000E-01    5.0000000000E-01    3.9991878467E+02
    3.7000000000E+00    3.2500000000E-01    5.0000000000E-01    3.9994296609E+02
    3.9000000000E+00    3.2500000000E-01    5.0000000000E-01    3.9996002707E+02
    4.1000000000E+00    3.2500000000E-01    5.0000000000E-01    3.9997203530E+02
    4.3000000000E+00    3.2500000000E-01    5.0000000000E-01    3.9998046870E+02
    4.5000000000E+00    3.2500000000E-01    5.0000000000E-01    3.9998637968E+02
    4.7000000000E+00    3.2500000000E-01    5.0000000000E-01    3.9999051510E+02
    4.9000000000E+00    3.2500000000E-01    5.0000000000E-01    3.9999340344E+02
    5.1000000000E+00    3.2500000000E-01    5.0000000000E-01    3.9999541764E+02
    5.3000000000E+00    3.2500000000E-01    5.0000000000E-01    3.9999682022E+02
    5.5000000000E+00    3.2500000000E-01    5.0000000000E-01    3.9999779558E+02
    5.7000000000E+00    3.2500000000E-01    5.0000000000E-01    3.9999847299E+02
    5.9000000000E+00    3.2500000000E-01    5.0000000000E-01    3.9999894289E+02
    6.1000000000E+00    3.2500000000E-01    5.0000000000E-01    3.9999926845E+02
    6.3000000000E+00    3.2500000000E-01    5.0000000000E-01    3.9999949372E+02
    6.5000000000E+00    3.2500000000E-01    5.0000000000E-01    3.9999964934E+02
    6.7000000000E+00    3.2500000000E-01    5.0000000000E-01    3.9999975661E+02
    6.9000000000E+00    3.2500000000E-01    5.0000000000E-01    3.9999983028E+02
    7.1000000000E+00    3.2500000000E-01    5.0000000000E-01    3.9999988052E+02
    7.3000000000E+00    3.2500000000E-01    5.0000000000E-01    3.9999991428E+02
    7.5000000000E+00    3.2500000000E-01    5.0000000000E-01    3.9999993623E+02
    7.7000000000E+00    3.2500000000E-01    5.0000000000E-01    3.9999994940E+02
    7.9000000000E+00    3.2500000000E-01    5.0000000000E-01    3.9999995557E+02
    1.0000000000E-01    3.7500000000E-01    5.0000000000E-01    3.8540526092E+02
    3.0000000000E-01    3.7500000000E-01    5.0000000000E-01    3.8719874765E+02
    5.0000000000E-01    3.7500000000E-01    5.0000000000E-01    3.8950877616E+02
    7.0000000000E-01    3.7500000000E-01    5.0000000000E-01    3.9173516266E+02
    9.0000000000E-01    3.7500000000E-01    5.0000000000E-01    3.9365289532E+02
    1.1000000000E+00    3.7500000000E-01    5.0000000000E-01    3.9521171148E+02
    1.3000000000E+00    3.7500000000E-01    5.0000000000E-01    3.9643520184E+02
    1.5000000000E+00    3.7500000000E-01    5.0000000000E-01    3.9737328236E+02
    1.7000000000E+00    3.7500000000E-01    5.0000000000E-01    3.9808051772E+02
    1.9000000000E+00    3.7500000000E-01    5.0000000000E-01    3.9860694151E+02
    2.1000000000E+00    3.7500000000E-01    5.0000000000E-01    3.9899484380E+02
    2.3000000000E+00    3.7500000000E-01    5.0000000000E-01    3.9927833624E+02
    2.5000000000E+00    3.7500000000E-01    5.0000000000E-01    3.9948411015E+02
    2.7000000000E+00    3.7500000000E-01    5.0000000000E-01    3.9963260840E+02
    2.9000000000E+00    3.7500000000E-01    5.0000000000E-01    3.9973924036E+02
    3.1000000000E+00    3.7500000000E-01    5.0000000000E-01    3.9981547804E+02
    3.3000000000E+00    3.7500000000E-01    5.0000000000E-01    3.9986977767E+02
    3.5000000000E+00    3.7500000000E-01    5.0000000000E-01    3.9990832176E+02
    3.7000000000E+00    3.7500000000E-01    5.0000000000E-01    3.9993559959E+02
    3.9000000000E+00    3.7500000000E-01    5.0000000000E-01    3.9995485207E+02
    4.1000000000E+00    3.7500000000E-01    5.0000000000E-01    3.9996840715E+02
    4.3000000000E+00    3.7500000000E-01    5.0000000000E-01    3.9997792971E+02
    4.5000000000E+00    3.7500000000E-01    5.0000000000E-01    3.9998460586E+02
    4.7000000000E+00    3.7500000000E-01    5.0000000000E-01    3.9998927777E+02
    4.9000000000E+00    3.7500000000E-01    5.0000000000E-01    3.9999254156E+02
    5.1000000000E+00    3.7500000000E-01    5.0000000000E-01    3.9999481805E+02
    5.3000000000E+00    3.7500000000E-01    5.0000000000E-01    3.9999640358E+02
    5.5000000000E+00    3.7500000000E-01    5.0000000000E-01    3.9999750637E+02
    5.7000000000E+00    3.7500000000E-01    5.0000000000E-01    3.9999827241E+02
    5.9000000000E+00    3.7500000000E-01    5.0000000000E-01    3.9999880387E+02
    6.1000000000E+00    3.7500000000E-01    5.0000000000E-01    3.9999917214E+02
    6.3000000000E+00    3.7500000000E-01    5.0000000000E-01    3.9999942699E+02
    6.5000000000E+00    3.7500000000E-01    5.0000000000E-01    3.9999960307E+02
    6.7000000000E+00    3.7500000000E-01    5.0000000000E-01    3.9999972446E+02
    6.9000000000E+00    3.7500000000E-01    5.0000000000E-01    3.9999980783E+02
    7.1000000000E+00    3.7500000000E-01    5.0000000000E-01    3.9999986469E+02
    7.3000000000E+00    3.7500000000E-01    5.0000000000E-01    3.9999990290E+02
    7.5000000000E+00    3.7500000000E-01    5.0000000000E-01    3.9999992775E+02
    7.7000000000E+00    3.7500000000E-01    5.0000000000E-01    3.9999994265E+02
    7.9000000000E+00    3.7500000000E-01    5.0000000000E-01    3.9999994963E+02
    1.0000000000E-01    4.2500000000E-01    5.0000000000E-01    3.8423894014E+02
    3.0000000000E-01    4.2500000000E-01    5.0000000000E-01    3.8611791434E+02
    5.0000000000E-01    4.2500000000E-01    5.0000000000E-01    3.8858228388E+02
    7.0000000000E-01    4.2500000000E-01    5.0000000000E-01    3.9098088279E+02
    9.0000000000E-01    4.2500000000E-01    5.0000000000E-01    3.9305889563E+02
    1.1000000000E+00    4.2500000000E-01    5.0000000000E-01    3.9475447494E+02
    1.3000000000E+00    4.2500000000E-01    5.0000000000E-01    3.9608908549E+02
    1.5000000000E+00    4.2500000000E-01    5.0000000000E-01    3.9711465815E+02
    1.7000000000E+00    4.2500000000E-01    5.0000000000E-01    3.9788927254E+02
    1.9000000000E+00    4.2500000000E-01    5.0000000000E-01    3.9846672986E+02
    2.1000000000E+00    4.2500000000E-01    5.0000000000E-01    3.9889278495E+02
    2.3000000000E+00    4.2500000000E-01    5.0000000000E-01    3.9920450224E+02
    2.5000000000E+00    4.2500000000E-01    5.0000000000E-01    3.9943097633E+02
    2.7000000000E+00    4.2500000000E-01    5.0000000000E-01    3.9959454628E+02
    2.9000000000E+00    4.2500000000E-01    5.0000000000E-01    3.9971208431E+02
    3.1000000000E+00    4.2500000000E-01    5.0000000000E-01    3.9979617196E+02
    3.3000000000E+00    4.2500000000E-01    5.0000000000E-01    3.9985609582E+02
    3.5000000000E+00    4.2500000000E-01    5.0000000000E-01    3.9989865318E+02
    3.7000000000E+00    4.2500000000E-01    5.0000000000E-01    3.9992878453E+02
    3.9000000000E+00    4.2500000000E-01    5.0000000000E-01    3.9995005947E+02
    4.1000000000E+00    4.2500000000E-01    5.0000000000E-01    3.9996504389E+02
    4.3000000000E+00    4.2500000000E-01    5.0000000000E-01    3.9997557403E+02
    4.5000000000E+00    4.2500000000E-01    5.0000000000E-01    3.9998295879E+02
    4.7000000000E+00    4.2500000000E-01    5.0000000000E-01    3.9998812800E+02
    4.9000000000E+00    4.2500000000E-01    5.0000000000E-01    3.9999174011E+02
    5.1000000000E+00    4.2500000000E-01    5.0000000000E-01    3.9999426015E+02
    5.3000000000E+00    4.2500000000E-01    5.0000000000E-01    3.9999601568E+02
    5.5000000000E+00    4.2500000000E-01    5.0000000000E-01    3.9999723696E+02
    5.7000000000E+00    4.2500000000E-01    5.0000000000E-01    3.9999808546E+02
    5.9000000000E+00    4.2500000000E-01    5.0000000000E-01    3.9999867424E+02
    6.1000000000E+00    4.2500000000E-01    5.0000000000E-01    3.9999908229E+02
    6.3000000000E+00    4.2500000000E-01    5.0000000000E-01    3.9999936470E+02
    6.5000000000E+00    4.2500000000E-01    5.0000000000E-01    3.9999955986E+02
    6.7000000000E+00    4.2500000000E-01    5.0000000000E-01    3.9999969442E+02
    6.9000000000E+00    4.2500000000E-01    5.0000000000E-01    3.9999978685E+02
    7.1000000000E+00    4.2500000000E-01    5.0000000000E-01    3.9999984989E+02
    7.3000000000E+00    4.2500000000E-01    5.0000000000E-01    3.9999989225E+02
    7.5000000000E+00    4.2500000000E-01    5.0000000000E-01    3.9999991980E+02
    7.7000000000E+00    4.2500000000E-01    5.0000000000E-01    3.9999993632E+02
    7.9000000000E+00    4.2500000000E-01    5.0000000000E-01    3.9999994405E+02
    1.0000000000E-01    4.7500000000E-01    5.0000000000E-01    3.8325540303E+02
    3.0000000000E-01    4.7500000000E-01    5.0000000000E-01    3.8520571366E+02
    5.0000000000E-01    4.7500000000E-01    5.0000000000E-01    3.8779438866E+02
    7.0000000000E-01    4.7500000000E-01    5.0000000000E-01    3.9033306796E+02
    9.0000000000E-01    4.7500000000E-01    5.0000000000E-01    3.9254379982E+02
    1.1000000000E+00    4.7500000000E-01    5.0000000000E-01    3.9435459039E+02
    1.3000000000E+00    4.7500000000E-01    5.0000000000E-01    3.9578418709E+02
    1.5000000000E+00    4.7500000000E-01    5.0000000000E-01    3.9688544418E+02
    1.7000000000E+00    4.7500000000E-01    5.0000000000E-01    3.9771890743E+02
    1.9000000000E+00    4.7500000000E-01    5.0000000000E-01    3.9834128608E+02
    2.1000000000E+00    4.7500000000E-01    5.0000000000E-01    3.9880113913E+02
    2.3000000000E+00    4.7500000000E-01    5.0000000000E-01    3.9913799175E+02
    2.5000000000E+00    4.7500000000E-01    5.0000000000E-01    3.9938298162E+02
    2.7000000000E+00    4.7500000000E-01    5.0000000000E-01    3.9956008324E+02
    2.9000000000E+00    4.7500000000E-01    5.0000000000E-01    3.9968744429E+02
    3.1000000000E+00    4.7500000000E-01    5.0000000000E-01    3.9977862189E+02
    3.3000000000E+00    4.7500000000E-01    5.0000000000E-01    3.9984363769E+02
    3.5000000000E+00    4.7500000000E-01    5.0000000000E-01    3.9988983620E+02
    3.7000000000E+00    4.7500000000E-01    5.0000000000E-01    3.9992256135E+02
    3.9000000000E+00    4.7500000000E-01    5.0000000000E-01    3.9994567774E+02
    4.1000000000E+00    4.7500000000E-01    5.0000000000E-01    3.9996196554E+02
    4.3000000000E+00    4.7500000000E-01    5.0000000000E-01    3.9997341570E+02
    4.5000000000E+00    4.7500000000E-01    5.0000000000E-01    3.9998144830E+02
    4.7000000000E+00    4.7500000000E-01    5.0000000000E-01    3.9998707266E+02
    4.9000000000E+00    4.7500000000E-01    5.0000000000E-01    3.9999100390E+02
    5.1000000000E+00    4.7500000000E-01    5.0000000000E-01    3.9999374727E+02
    5.3000000000E+00    4.7500000000E-01    5.0000000000E-01    3.9999565884E+02
    5.5000000000E+00    4.7500000000E-01    5.0000000000E-01    3.9999698895E+02
    5.7000000000E+00    4.7500000000E-01    5.0000000000E-01    3.9999791326E+02
    5.9000000000E+00    4.7500000000E-01    5.0000000000E-01    3.9999855476E+02
    6.1000000000E+00    4.7500000000E-01    5.0000000000E-01    3.9999899942E+02
    6.3000000000E+00    4.7500000000E-01    5.0000000000E-01    3.9999930723E+02
    6.5000000000E+00    4.7500000000E-01    5.0000000000E-01    3.9999951997E+02
    6.7000000000E+00    4.7500000000E-01    5.0000000000E-01    3.9999966667E+02
    6.9000000000E+00    4.7500000000E-01    5.0000000000E-01    3.9999976745E+02
    7.1000000000E+00    4.7500000000E-01    5.0000000000E-01    3.9999983619E+02
    7.3000000000E+00    4.7500000000E-01    5.0000000000E-01    3.9999988239E+02
    7.5000000000E+00    4.7500000000E-01    5.0000000000E-01    3.9999991242E+02
    7.7000000000E+00    4.7500000000E-01    5.0000000000E-01    3.9999993044E+02
    7.9000000000E+00    4.7500000000E-01    5.0000000000E-01    3.9999993887E+02
    1.0000000000E-01    5.2500000000E-01    5.0000000000E-01    3.8244850688E+02
    3.0000000000E-01    5.2500000000E-01    5.0000000000E-01    3.8445926212E+02
    5.0000000000E-01    5.2500000000E-01    5.0000000000E-01    3.8714470256E+02
    7.0000000000E-01    5.2500000000E-01    5.0000000000E-01    3.8979242808E+02
    9.0000000000E-01    5.2500000000E-01    5.0000000000E-01    3.9210863997E+02
    1.1000000000E+00    5.2500000000E-01    5.0000000000E-01    3.9401308681E+02
    1.3000000000E+00    5.2500000000E-01    5.0000000000E-01    3.9552141404E+02
    1.5000000000E+00    5.2500000000E-01    5.0000000000E-01    3.9668639414E+02
    1.7000000000E+00    5.2500000000E-01    5.0000000000E-01    3.9757002589E+02
    1.9000000000E+00    5.2500000000E-01    5.0000000000E-01    3.9823108127E+02
    2.1000000000E+00    5.2500000000E-01    5.0000000000E-01    3.9872026714E+02
    2.3000000000E+00    5.2500000000E-01    5.0000000000E-01    3.9907907696E+02
    2.5000000000E+00    5.2500000000E-01    5.0000000000E-01    3.9934032893E+02
    2.7000000000E+00    5.2500000000E-01    5.0000000000E-01    3.9952936905E+02
    2.9000000000E+00    5.2500000000E-01    5.0000000000E-01    3.9966542993E+02
    3.1000000000E+00    5.2500000000E-01    5.0000000000E-01    3.9976290754E+02
    3.3000000000E+00    5.2500000000E-01    5.0000000000E-01    3.9983246090E+02
    3.5000000000E+00    5.2500000000E-01    5.0000000000E-01    3.9988191226E+02
    3.7000000000E+00    5.2500000000E-01    5.0000000000E-01    3.9991695970E+02
    3.9000000000E+00    5.2500000000E-01    5.0000000000E-01    3.9994172803E+02
    4.1000000000E+00    5.2500000000E-01    5.0000000000E-01    3.9995918712E+02
    4.3000000000E+00    5.2500000000E-01    5.0000000000E-01    3.9997146537E+02
    4.5000000000E+00    5.2500000000E-01    5.0000000000E-01    3.9998008190E+02
    4.7000000000E+00    5.2500000000E-01    5.0000000000E-01    3.9998611704E+02
    4.9000000000E+00    5.2500000000E-01    5.0000000000E-01    3.9999033664E+02
    5.1000000000E+00    5.2500000000E-01    5.0000000000E-01    3.9999328204E+02
    5.3000000000E+00    5.2500000000E-01    5.0000000000E-01    3.9999533489E+02
    5.5000000000E+00    5.2500000000E-01    5.0000000000E-01    3.9999676364E+02
    5.7000000000E+00    5.2500000000E-01    5.0000000000E-01    3.9999775671E+02
    5.9000000000E+00    5.2500000000E-01    5.0000000000E-01    3.9999844606E+02
    6.1000000000E+00    5.2500000000E-01    5.0000000000E-01    3.9999892399E+02
    6.3000000000E+00    5.2500000000E-01    5.0000000000E-01    3.9999925488E+02
    6.5000000000E+00    5.2500000000E-01    5.0000000000E-01    3.9999948361E+02
    6.7000000000E+00    5.2500000000E-01    5.0000000000E-01    3.9999964136E+02
    6.9000000000E+00    5.2500000000E-01    5.0000000000E-01    3.9999974974E+02
    7.1000000000E+00    5.2500000000E-01    5.0000000000E-01    3.9999982367E+02
    7.3000000000E+00    5.2500000000E-01    5.0000000000E-01    3.9999987336E+02
    7.5000000000E+00    5.2500000000E-01    5.0000000000E-01    3.9999990567E+02
    7.7000000000E+00    5.2500000000E-01    5.0000000000E-01    3.9999992504E+02
    7.9000000000E+00    5.2500000000E-01    5.0000000000E-01    3.9999993410E+02
    1.0000000000E-01    5.7500000000E-01    5.0000000000E-01    3.8181111183E+02
    3.0000000000E-01    5.7500000000E-01    5.0000000000E-01    3.8387317945E+02
    5.0000000000E-01    5.7500000000E-01    5.0000000000E-01    3.8662975100E+02
    7.0000000000E-01    5.7500000000E-01    5.0000000000E-01    3.8935693335E+02
    9.0000000000E-01    5.7500000000E-01    5.0000000000E-01    3.9175234188E+02
    1.1000000000E+00    5.7500000000E-01    5.0000000000E-01    3.9372947412E+02
    1.3000000000E+00    5.7500000000E-01    5.0000000000E-01    3.9530060941E+02
    1.5000000000E+00    5.7500000000E-01    5.0000000000E-01    3.9651752580E+02
    1.7000000000E+00    5.7500000000E-01    5.0000000000E-01    3.9744272580E+02
    1.9000000000E+00    5.7500000000E-01    5.0000000000E-01    3.9813624023E+02
    2.1000000000E+00    5.7500000000E-01    5.0000000000E-01    3.9865029298E+02
    2.3000000000E+00    5.7500000000E-01    5.0000000000E-01    3.9902786835E+02
    2.5000000000E+00    5.7500000000E-01    5.0000000000E-01    3.9930311076E+02
    2.7000000000E+00    5.7500000000E-01    5.0000000000E-01    3.9950247815E+02
    2.9000000000E+00    5.7500000000E-01    5.0000000000E-01    3.9964609950E+02
    3.1000000000E+00    5.7500000000E-01    5.0000000000E-01    3.9974907357E+02
    3.3000000000E+00    5.7500000000E-01    5.0000000000E-01    3.9982259915E+02
    3.5000000000E+00    5.7500000000E-01    5.0000000000E-01    3.9987490648E+02
    3.7000000000E+00    5.7500000000E-01    5.0000000000E-01    3.9991199814E+02
    3.9000000000E+00    5.7500000000E-01    5.0000000000E-01    3.9993822392E+02
    4.1000000000E+00    5.7500000000E-01    5.0000000000E-01    3.9995671850E+02
    4.3000000000E+00    5.7500000000E-01    5.0000000000E-01    3.9996973017E+02
    4.5000000000E+00    5.7500000000E-01    5.0000000000E-01    3.9997886471E+02
    4.7000000000E+00    5.7500000000E-01    5.0000000000E-01    3.9998526481E+02
    4.9000000000E+00    5.7500000000E-01    5.0000000000E-01    3.9998974095E+02
    5.1000000000E+00    5.7500000000E-01    5.0000000000E-01    3.9999286630E+02
    5.3000000000E+00    5.7500000000E-01    5.0000000000E-01    3.9999504514E+02
    5.5000000000E+00    5.7500000000E-01    5.0000000000E-01    3.9999656195E+02
    5.7000000000E+00    5.7500000000E-01    5.0000000000E-01    3.9999761645E+02
    5.9000000000E+00    5.7500000000E-01    5.0000000000E-01    3.9999834861E+02
    6.1000000000E+00    5.7500000000E-01    5.0000000000E-01    3.9999885631E+02
    6.3000000000E+00    5.7500000000E-01    5.0000000000E-01    3.9999920788E+02
    6.5000000000E+00    5.7500000000E-01    5.0000000000E-01    3.9999945094E+02
    6.7000000000E+00    5.7500000000E-01    5.0000000000E-01    3.9999961859E+02
    6.9000000000E+00    5.7500000000E-01    5.0000000000E-01    3.9999973380E+02
    7.1000000000E+00    5.7500000000E-01    5.0000000000E-01    3.9999981239E+02
    7.3000000000E+00    5.7500000000E-01    5.0000000000E-01    3.9999986522E+02
    7.5000000000E+00    5.7500000000E-01    5.0000000000E-01    3.9999989956E+02
    7.7000000000E+00    5.7500000000E-01    5.0000000000E-01    3.9999992015E+02
    7.9000000000E+00    5.7500000000E-01    5.0000000000E-01    3.9999992979E+02
    1.0000000000E-01    6.2500000000E-01    5.0000000000E-01    3.8133494111E+02
    3.0000000000E-01    6.2500000000E-01    5.0000000000E-01    3.8343955702E+02
    5.0000000000E-01    6.2500000000E-01    5.0000000000E-01    3.8624298706E+02
    7.0000000000E-01    6.2500000000E-01    5.0000000000E-01    3.8902183641E+02
    9.0000000000E-01    6.2500000000E-01    5.0000000000E-01    3.9147174382E+02
    1.1000000000E+00    6.2500000000E-01    5.0000000000E-01    3.9350175681E+02
    1.3000000000E+00    6.2500000000E-01    5.0000000000E-01    3.9512056118E+02
    1.5000000000E+00    6.2500000000E-01    5.0000000000E-01    3.9637812700E+02
    1.7000000000E+00    6.2500000000E-01    5.0000000000E-01    3.9733660316E+02
    1.9000000000E+00    6.2500000000E-01    5.0000000000E-01    3.9805654369E+02
    2.1000000000E+00    6.2500000000E-01    5.0000000000E-01    3.9859110517E+02
    2.3000000000E+00    6.2500000000E-01    5.0000000000E-01    3.9898431536E+02
    2.5000000000E+00    6.2500000000E-01    5.0000000000E-01    3.9927130959E+02
    2.7000000000E+00    6.2500000000E-01    5.0000000000E-01    3.9947940982E+02
    2.9000000000E+00    6.2500000000E-01    5.0000000000E-01    3.9962945994E+02
    3.1000000000E+00    6.2500000000E-01    5.0000000000E-01    3.9973712965E+02
    3.3000000000E+00    6.2500000000E-01    5.0000000000E-01    3.9981406229E+02
    3.5000000000E+00    6.2500000000E-01    5.0000000000E-01    3.9986882771E+02
    3.7000000000E+00    6.2500000000E-01    5.0000000000E-01    3.9990768411E+02
    3.9000000000E+00    6.2500000000E-01    5.0000000000E-01    3.9993517141E+02
    4.1000000000E+00    6.2500000000E-01    5.0000000000E-01    3.9995456439E+02
    4.3000000000E+00    6.2500000000E-01    5.0000000000E-01    3.9996821371E+02
    4.5000000000E+00    6.2500000000E-01    5.0000000000E-01    3.9997779947E+02
    4.7000000000E+00    6.2500000000E-01    5.0000000000E-01    3.9998451801E+02
    4.9000000000E+00    6.2500000000E-01    5.0000000000E-01    3.9998921834E+02
    5.1000000000E+00    6.2500000000E-01    5.0000000000E-01    3.9999250116E+02
    5.3000000000E+00    6.2500000000E-01    5.0000000000E-01    3.9999479040E+02
    5.5000000000E+00    6.2500000000E-01    5.0000000000E-01    3.9999638445E+02
    5.7000000000E+00    6.2500000000E-01    5.0000000000E-01    3.9999749291E+02
    5.9000000000E+00    6.2500000000E-01    5.0000000000E-01    3.9999826270E+02
    6.1000000000E+00    6.2500000000E-01    5.0000000000E-01    3.9999879659E+02
    6.3000000000E+00    6.2500000000E-01    5.0000000000E-01    3.9999916637E+02
    6.5000000000E+00    6.2500000000E-01    5.0000000000E-01    3.9999942206E+02
    6.7000000000E+00    6.2500000000E-01    5.0000000000E-01    3.9999959846E+02
    6.9000000000E+00    6.2500000000E-01    5.0000000000E-01    3.9999971968E+02
    7.1000000000E+00    6.2500000000E-01    5.0000000000E-01    3.9999980239E+02
    7.3000000000E+00    6.2500000000E-01    5.0000000000E-01    3.9999985799E+02
    7.5000000000E+00    6.2500000000E-01    5.0000000000E-01    3.9999989413E+02
    7.7000000000E+00    6.2500000000E-01    5.0000000000E-01    3.9999991580E+02
    7.9000000000E+00    6.2500000000E-01    5.0000000000E-01    3.9999992593E+02
    1.0000000000E-01    6.7500000000E-01    5.0000000000E-01    3.8101021658E+02
    3.0000000000E-01    6.7500000000E-01    5.0000000000E-01    3.8314768084E+02
    5.0000000000E-01    6.7500000000E-01    5.0000000000E-01    3.8597471410E+02
    7.0000000000E-01    6.7500000000E-01    5.0000000000E-01    3.8877970082E+02
    9.0000000000E-01    6.7500000000E-01    5.0000000000E-01    3.9126165085E+02
    1.1000000000E+00    6.7500000000E-01    5.0000000000E-01    3.9332648279E+02
    1.3000000000E+00    6.7500000000E-01    5.0000000000E-01    3.9497903878E+02
    1.5000000000E+00    6.7500000000E-01    5.0000000000E-01    3.9626678118E+02
    1.7000000000E+00    6.7500000000E-01    5.0000000000E-01    3.9725076933E+02
    1.9000000000E+00    6.7500000000E-01    5.0000000000E-01    3.9799143984E+02
    2.1000000000E+00    6.7500000000E-01    5.0000000000E-01    3.9854236434E+02
    2.3000000000E+00    6.7500000000E-01    5.0000000000E-01    3.9894821139E+02
    2.5000000000E+00    6.7500000000E-01    5.0000000000E-01    3.9924480112E+02
    2.7000000000E+00    6.7500000000E-01    5.0000000000E-01    3.9946009034E+02
    2.9000000000E+00    6.7500000000E-01    5.0000000000E-01    3.9961546828E+02
    3.1000000000E+00    6.7500000000E-01    5.0000000000E-01    3.9972705131E+02
    3.3000000000E+00    6.7500000000E-01    5.0000000000E-01    3.9980683684E+02
    3.5000000000E+00    6.7500000000E-01    5.0000000000E-01    3.9986366888E+02
    3.7000000000E+00    6.7500000000E-01    5.0000000000E-01    3.9990401418E+02
    3.9000000000E+00    6.7500000000E-01    5.0000000000E-01    3.9993256910E+02
    4.1000000000E+00    6.7500000000E-01    5.0000000000E-01    3.9995272444E+02
    4.3000000000E+00    6.7500000000E-01    5.0000000000E-01    3.9996691615E+02
    4.5000000000E+00    6.7500000000E-01    5.0000000000E-01    3.9997688656E+02
    4.7000000000E+00    6.7500000000E-01    5.0000000000E-01    3.9998387708E+02
    4.9000000000E+00    6.7500000000E-01    5.0000000000E-01    3.9998876921E+02
    5.1000000000E+00    6.7500000000E-01    5.0000000000E-01    3.9999218699E+02
    5.3000000000E+00    6.7500000000E-01    5.0000000000E-01    3.9999457096E+02
    5.5000000000E+00    6.7500000000E-01    5.0000000000E-01    3.9999623139E+02
    5.7000000000E+00    6.7500000000E-01    5.0000000000E-01    3.9999738627E+02
    5.9000000000E+00    6.7500000000E-01    5.0000000000E-01    3.9999818847E+02
    6.1000000000E+00    6.7500000000E-01    5.0000000000E-01    3.9999874495E+02
    6.3000000000E+00    6.7500000000E-01    5.0000000000E-01    3.9999913044E+02
    6.5000000000E+00    6.7500000000E-01    5.0000000000E-01    3.9999939704E+02
    6.7000000000E+00    6.7500000000E-01    5.0000000000E-01    3.9999958099E+02
    6.9000000000E+00    6.7500000000E-01    5.0000000000E-01    3.9999970743E+02
    7.1000000000E+00    6.7500000000E-01    5.0000000000E-01    3.9999979370E+02
    7.3000000000E+00    6.7500000000E-01    5.0000000000E-01    3.9999985169E+02
    7.5000000000E+00    6.7500000000E-01    5.0000000000E-01    3.9999988939E+02
    7.7000000000E+00    6.7500000000E-01    5.0000000000E-01    3.9999991199E+02
    7.9000000000E+00    6.7500000000E-01    5.0000000000E-01    3.9999992255E+02
    1.0000000000E-01    7.2500000000E-01    5.0000000000E-01    3.8082499897E+02
    3.0000000000E-01    7.2500000000E-01    5.0000000000E-01    3.8298349933E+02
    5.0000000000E-01    7.2500000000E-01    5.0000000000E-01    3.8581193238E+02
    7.0000000000E-01    7.2500000000E-01    5.0000000000E-01    3.8862044621E+02
    9.0000000000E-01    7.2500000000E-01    5.0000000000E-01    3.9111492831E+02
    1.1000000000E+00    7.2500000000E-01    5.0000000000E-01    3.9319882807E+02
    1.3000000000E+00    7.2500000000E-01    5.0000000000E-01    3.9487285681E+02
    1.5000000000E+00    7.2500000000E-01    5.0000000000E-01    3.9618141210E+02
    1.7000000000E+00    7.2500000000E-01    5.0000000000E-01    3.9718388152E+02
    1.9000000000E+00    7.2500000000E-01    5.0000000000E-01    3.9794006480E+02
    2.1000000000E+00    7.2500000000E-01    5.0000000000E-01    3.9850351694E+02
    2.3000000000E+00    7.2500000000E-01    5.0000000000E-01    3.9891920299E+02
    2.5000000000E+00    7.2500000000E-01    5.0000000000E-01    3.9922336038E+02
    2.7000000000E+00    7.2500000000E-01    5.0000000000E-01    3.9944437700E+02
    2.9000000000E+00    7.2500000000E-01    5.0000000000E-01    3.9960403434E+02
    3.1000000000E+00    7.2500000000E-01    5.0000000000E-01    3.9971878177E+02
    3.3000000000E+00    7.2500000000E-01    5.0000000000E-01    3.9980088719E+02
    3.5000000000E+00    7.2500000000E-01    5.0000000000E-01    3.9985940778E+02
    3.7000000000E+00    7.2500000000E-01    5.0000000000E-01    3.9990097459E+02
    3.9000000000E+00    7.2500000000E-01    5.0000000000E-01    3.9993040849E+02
    4.1000000000E+00    7.2500000000E-01    5.0000000000E-01    3.9995119346E+02
    4.3000000000E+00    7.2500000000E-01    5.0000000000E-01    3.9996583436E+02
    4.5000000000E+00    7.2500000000E-01    5.0000000000E-01    3.9997612410E+02
    4.7000000000E+00    7.2500000000E-01    5.0000000000E-01    3.9998334090E+02
    4.9000000000E+00    7.2500000000E-01    5.0000000000E-01    3.9998839293E+02
    5.1000000000E+00    7.2500000000E-01    5.0000000000E-01    3.9999192341E+02
    5.3000000000E+00    7.2500000000E-01    5.0000000000E-01    3.9999438663E+02
    5.5000000000E+00    7.2500000000E-01    5.0000000000E-01    3.9999610266E+02
    5.7000000000E+00    7.2500000000E-01    5.0000000000E-01    3.9999729649E+02
    5.9000000000E+00    7.2500000000E-01    5.0000000000E-01    3.9999812590E+02
    6.1000000000E+00    7.2500000000E-01    5.0000000000E-01    3.9999870137E+02
    6.3000000000E+00    7.2500000000E-01    5.0000000000E-01    3.9999910009E+02
    6.5000000000E+00    7.2500000000E-01    5.0000000000E-01    3.9999937589E+02
    6.7000000000E+00    7.2500000000E-01    5.0000000000E-01    3.9999956621E+02
    6.9000000000E+00    7.2500000000E-01    5.0000000000E-01    3.9999969704E+02
    7.1000000000E+00    7.2500000000E-01    5.0000000000E-01    3.9999978631E+02
    7.3000000000E+00    7.2500000000E-01    5.0000000000E-01    3.9999984633E+02
    7.5000000000E+00    7.2500000000E-01    5.0000000000E-01    3.9999988534E+02
    7.7000000000E+00    7.2500000000E-01    5.0000000000E-01    3.9999990872E+02
    7.9000000000E+00    7.2500000000E-01    5.0000000000E-01    3.9999991966E+02
    1.0000000000E-01    7.7500000000E-01    5.0000000000E-01    3.8076408941E+02
    3.0000000000E-01    7.7500000000E-01    5.0000000000E-01    3.8292882767E+02
    5.0000000000E-01    7.7500000000E-01    5.0000000000E-01    3.8573814578E+02
    7.0000000000E-01    7.7500000000E-01    5.0000000000E-01    3.8853143052E+02
    9.0000000000E-01    7.7500000000E-01    5.0000000000E-01    3.9102264109E+02
    1.1000000000E+00    7.7500000000E-01    5.0000000000E-01    3.9311271842E+02
    1.3000000000E+00    7.7500000000E-01    5.0000000000E-01    3.9479796553E+02
    1.5000000000E+00    7.7500000000E-01    5.0000000000E-01    3.9611934720E+02
    1.7000000000E+00    7.7500000000E-01    5.0000000000E-01    3.9713418609E+02
    1.9000000000E+00    7.7500000000E-01    5.0000000000E-01    3.9790127184E+02
    2.1000000000E+00    7.7500000000E-01    5.0000000000E-01    3.9847381486E+02
    2.3000000000E+00    7.7500000000E-01    5.0000000000E-01    3.9889680292E+02
    2.5000000000E+00    7.7500000000E-01    5.0000000000E-01    3.9920667052E+02
    2.7000000000E+00    7.7500000000E-01    5.0000000000E-01    3.9943206399E+02
    2.9000000000E+00    7.7500000000E-01    5.0000000000E-01    3.9959502460E+02
    3.1000000000E+00    7.7500000000E-01    5.0000000000E-01    3.9971223453E+02
    3.3000000000E+00    7.7500000000E-01    5.0000000000E-01    3.9979615738E+02
    3.5000000000E+00    7.7500000000E-01    5.0000000000E-01    3.9985600825E+02
    3.7000000000E+00    7.7500000000E-01    5.0000000000E-01    3.9989854199E+02
    3.9000000000E+00    7.7500000000E-01    5.0000000000E-01    3.9992867457E+02
    4.1000000000E+00    7.7500000000E-01    5.0000000000E-01    3.9994996179E+02
    4.3000000000E+00    7.7500000000E-01    5.0000000000E-01    3.9996496214E+02
    4.5000000000E+00    7.7500000000E-01    5.0000000000E-01    3.9997550811E+02
    4.7000000000E+00    7.7500000000E-01    5.0000000000E-01    3.9998290694E+02
    4.9000000000E+00    7.7500000000E-01    5.0000000000E-01    3.9998808788E+02
    5.1000000000E+00    7.7500000000E-01    5.0000000000E-01    3.9999170939E+02
    5.3000000000E+00    7.7500000000E-01    5.0000000000E-01    3.9999423675E+02
    5.5000000000E+00    7.7500000000E-01    5.0000000000E-01    3.9999599786E+02
    5.7000000000E+00    7.7500000000E-01    5.0000000000E-01    3.9999722329E+02
    5.9000000000E+00    7.7500000000E-01    5.0000000000E-01    3.9999807484E+02
    6.1000000000E+00    7.7500000000E-01    5.0000000000E-01    3.9999866577E+02
    6.3000000000E+00    7.7500000000E-01    5.0000000000E-01    3.9999907527E+02
    6.5000000000E+00    7.7500000000E-01    5.0000000000E-01    3.9999935856E+02
    6.7000000000E+00    7.7500000000E-01    5.0000000000E-01    3.9999955408E+02
    6.9000000000E+00    7.7500000000E-01    5.0000000000E-01    3.9999968850E+02
    7.1000000000E+00    7.7500000000E-01    5.0000000000E-01    3.9999978024E+02
    7.3000000000E+00    7.7500000000E-01    5.0000000000E-01    3.9999984191E+02
    7.5000000000E+00    7.7500000000E-01    5.0000000000E-01    3.9999988200E+02
    7.7000000000E+00    7.7500000000E-01    5.0000000000E-01    3.9999990602E+02
    7.9000000000E+00    7.7500000000E-01    5.0000000000E-01    3.9999991724E+02
    1.0000000000E-01    8.2500000000E-01    5.0000000000E-01    3.8080723048E+02
    3.0000000000E-01    8.2500000000E-01    5.0000000000E-01    3.8296029812E+02
    5.0000000000E-01    8.2500000000E-01    5.0000000000E-01    3.8573319016E+02
    7.0000000000E-01    8.2500000000E-01    5.0000000000E-01    3.8849759901E+02
    9.0000000000E-01    8.2500000000E-01    5.0000000000E-01    3.9097424730E+02
    1.1000000000E+00    8.2500000000E-01    5.0000000000E-01    3.9306098919E+02
    1.3000000000E+00    8.2500000000E-01    5.0000000000E-01    3.9474956724E+02
    1.5000000000E+00    8.2500000000E-01    5.0000000000E-01    3.9607739852E+02
    1.7000000000E+00    8.2500000000E-01    5.0000000000E-01    3.9709957364E+02
    1.9000000000E+00    8.2500000000E-01    5.0000000000E-01    3.9787366864E+02
    2.1000000000E+00    8.2500000000E-01    5.0000000000E-01    3.9845234045E+02
    2.3000000000E+00    8.2500000000E-01    5.0000000000E-01    3.9888040701E+02
    2.5000000000E+00    8.2500000000E-01    5.0000000000E-01    3.9919433401E+02
    2.7000000000E+00    8.2500000000E-01    5.0000000000E-01    3.9942288994E+02
    2.9000000000E+00    8.2500000000E-01    5.0000000000E-01    3.9958826729E+02
    3.1000000000E+00    8.2500000000E-01    5.0000000000E-01    3.9970729675E+02
    3.3000000000E+00    8.2500000000E-01    5.0000000000E-01    3.9979257333E+02
    3.5000000000E+00    8.2500000000E-01    5.0000000000E-01    3.9985342167E+02
    3.7000000000E+00    8.2500000000E-01    5.0000000000E-01    3.9989668451E+02
    3.9000000000E+00    8.2500000000E-01    5.0000000000E-01    3.9992734642E+02
    4.1000000000E+00    8.2500000000E-01    5.0000000000E-01    3.9994901573E+02
    4.3000000000E+00    8.2500000000E-01    5.0000000000E-01    3.9996429050E+02
    4.5000000000E+00    8.2500000000E-01    5.0000000000E-01    3.9997503272E+02
    4.7000000000E+00    8.2500000000E-01    5.0000000000E-01    3.9998257135E+02
    4.9000000000E+00    8.2500000000E-01    5.0000000000E-01    3.9998785155E+02
    5.1000000000E+00    8.2500000000E-01    5.0000000000E-01    3.9999154331E+02
    5.3000000000E+00    8.2500000000E-01    5.0000000000E-01    3.9999412025E+02
    5.5000000000E+00    8.2500000000E-01    5.0000000000E-01    3.9999591628E+02
    5.7000000000E+00    8.2500000000E-01    5.0000000000E-01    3.9999716624E+02
    5.9000000000E+00    8.2500000000E-01    5.0000000000E-01    3.9999803498E+02
    6.1000000000E+00    8.2500000000E-01    5.0000000000E-01    3.9999863794E+02
    6.3000000000E+00    8.2500000000E-01    5.0000000000E-01    3.9999905584E+02
    6.5000000000E+00    8.2500000000E-01    5.0000000000E-01    3.9999934498E+02
    6.7000000000E+00    8.2500000000E-01    5.0000000000E-01    3.9999954456E+02
    6.9000000000E+00    8.2500000000E-01    5.0000000000E-01    3.9999968179E+02
    7.1000000000E+00    8.2500000000E-01    5.0000000000E-01    3.9999977545E+02
    7.3000000000E+00    8.2500000000E-01    5.0000000000E-01    3.9999983841E+02
    7.5000000000E+00    8.2500000000E-01    5.0000000000E-01    3.9999987934E+02
    7.7000000000E+00    8.2500000000E-01    5.0000000000E-01    3.9999990386E+02
    7.9000000000E+00    8.2500000000E-01    5.0000000000E-01    3.9999991532E+02
    1.0000000000E-01    8.7500000000E-01    5.0000000000E-01    3.8092615019E+02
    3.0000000000E-01    8.7500000000E-01    5.0000000000E-01    3.8304812415E+02
    5.0000000000E-01    8.7500000000E-01    5.0000000000E-01    3.8577317990E+02
    7.0000000000E-01    8.7500000000E-01    5.0000000000E-01    3.8850173659E+02
    9.0000000000E-01    8.7500000000E-01    5.0000000000E-01    3.9095785495E+02
    1.1000000000E+00    8.7500000000E-01    5.0000000000E-01    3.9303558364E+02
    1.3000000000E+00    8.7500000000E-01    5.0000000000E-01    3.9472225741E+02
    1.5000000000E+00    8.7500000000E-01    5.0000000000E-01    3.9605195992E+02
    1.7000000000E+00    8.7500000000E-01    5.0000000000E-01    3.9707764511E+02
    1.9000000000E+00    8.7500000000E-01    5.0000000000E-01    3.9785566187E+02
    2.1000000000E+00    8.7500000000E-01    5.0000000000E-01    3.9843803658E+02
    2.3000000000E+00    8.7500000000E-01    5.0000000000E-01    3.9886931429E+02
    2.5000000000E+00    8.7500000000E-01    5.0000000000E-01    3.9918588629E+02
    2.7000000000E+00    8.7500000000E-01    5.0000000000E-01    3.9941654702E+02
    2.9000000000E+00    8.7500000000E-01    5.0000000000E-01    3.9958355850E+02
    3.1000000000E+00    8.7500000000E-01    5.0000000000E-01    3.9970383338E+02
    3.3000000000E+00    8.7500000000E-01    5.0000000000E-01    3.9979004561E+02
    3.5000000000E+00    8.7500000000E-01    5.0000000000E-01    3.9985158884E+02
    3.7000000000E+00    8.7500000000E-01    5.0000000000E-01    3.9989536295E+02
    3.9000000000E+00    8.7500000000E-01    5.0000000000E-01    3.9992639811E+02
    4.1000000000E+00    8.7500000000E-01    5.0000000000E-01    3.9994833811E+02
    4.3000000000E+00    8.7500000000E-01    5.0000000000E-01    3.9996380811E+02
    4.5000000000E+00    8.7500000000E-01    5.0000000000E-01    3.9997469042E+02
    4.7000000000E+00    8.7500000000E-01    5.0000000000E-01    3.9998232917E+02
    4.9000000000E+00    8.7500000000E-01    5.0000000000E-01    3.9998768065E+02
    5.1000000000E+00    8.7500000000E-01    5.0000000000E-01    3.9999142299E+02
    5.3000000000E+00    8.7500000000E-01    5.0000000000E-01    3.9999403571E+02
    5.5000000000E+00    8.7500000000E-01    5.0000000000E-01    3.9999585698E+02
    5.7000000000E+00    8.7500000000E-01    5.0000000000E-01    3.9999712471E+02
    5.9000000000E+00    8.7500000000E-01    5.0000000000E-01    3.9999800592E+02
    6.1000000000E+00    8.7500000000E-01    5.0000000000E-01    3.9999861762E+02
    6.3000000000E+00    8.7500000000E-01    5.0000000000E-01    3.9999904163E+02
    6.5000000000E+00    8.7500000000E-01    5.0000000000E-01    3.9999933503E+02
    6.7000000000E+00    8.7500000000E-01    5.0000000000E-01    3.9999953757E+02
    6.9000000000E+00    8.7500000000E-01    5.0000000000E-01    3.9999967685E+02
    7.1000000000E+00    8.7500000000E-01    5.0000000000E-01    3.9999977191E+02
    7.3000000000E+00    8.7500000000E-01    5.0000000000E-01    3.9999983582E+02
    7.5000000000E+00    8.7500000000E-01    5.0000000000E-01    3.9999987736E+02
    7.7000000000E+00    8.7500000000E-01    5.0000000000E-01    3.9999990224E+02
    7.9000000000E+00    8.7500000000E-01    5.0000000000E-01    3.9999991387E+02
    1.0000000000E-01    9.2500000000E-01    5.0000000000E-01    3.8107965318E+02
    3.0000000000E-01    9.2500000000E-01    5.0000000000E-01    3.8315488699E+02
    5.0000000000E-01    9.2500000000E-01    5.0000000000E-01    3.8583070933E+02
    7.0000000000E-01    9.2500000000E-01    5.0000000000E-01    3.8852486005E+02
    9.0000000000E-01    9.2500000000E-01    5.0000000000E-01    3.9096054680E+02
    1.1000000000E+00    9.2500000000E-01    5.0000000000E-01    3.9302778802E+02
    1.3000000000E+00    9.2500000000E-01    5.0000000000E-01    3.9471018780E+02
    1.5000000000E+00    9.2500000000E-01    5.0000000000E-01    3.9603911841E+02
    1.7000000000E+00    9.2500000000E-01    5.0000000000E-01    3.9706578718E+02
    1.9000000000E+00    9.2500000000E-01    5.0000000000E-01    3.9784550807E+02
    2.1000000000E+00    9.2500000000E-01    5.0000000000E-01    3.9842974086E+02
    2.3000000000E+00    9.2500000000E-01    5.0000000000E-01    3.9886275009E+02
    2.5000000000E+00    9.2500000000E-01    5.0000000000E-01    3.9918081117E+02
    2.7000000000E+00    9.2500000000E-01    5.0000000000E-01    3.9941269136E+02
    2.9000000000E+00    9.2500000000E-01    5.0000000000E-01    3.9958066914E+02
    3.1000000000E+00    9.2500000000E-01    5.0000000000E-01    3.9970169185E+02
    3.3000000000E+00    9.2500000000E-01    5.0000000000E-01    3.9978847260E+02
    3.5000000000E+00    9.2500000000E-01    5.0000000000E-01    3.9985044207E+02
    3.7000000000E+00    9.2500000000E-01    5.0000000000E-01    3.9989453223E+02
    3.9000000000E+00    9.2500000000E-01    5.0000000000E-01    3.9992579961E+02
    4.1000000000E+00    9.2500000000E-01    5.0000000000E-01    3.9994790895E+02
    4.3000000000E+00    9.2500000000E-01    5.0000000000E-01    3.9996350163E+02
    4.5000000000E+00    9.2500000000E-01    5.0000000000E-01    3.9997447235E+02
    4.7000000000E+00    9.2500000000E-01    5.0000000000E-01    3.9998217450E+02
    4.9000000000E+00    9.2500000000E-01    5.0000000000E-01    3.9998757124E+02
    5.1000000000E+00    9.2500000000E-01    5.0000000000E-01    3.9999134580E+02
    5.3000000000E+00    9.2500000000E-01    5.0000000000E-01    3.9999398137E+02
    5.5000000000E+00    9.2500000000E-01    5.0000000000E-01    3.9999581879E+02
    5.7000000000E+00    9.2500000000E-01    5.0000000000E-01    3.9999709791E+02
    5.9000000000E+00    9.2500000000E-01    5.0000000000E-01    3.9999798713E+02
    6.1000000000E+00    9.2500000000E-01    5.0000000000E-01    3.9999860446E+02
    6.3000000000E+00    9.2500000000E-01    5.0000000000E-01    3.9999903240E+02
    6.5000000000E+00    9.2500000000E-01    5.0000000000E-01    3.9999932855E+02
    6.7000000000E+00    9.2500000000E-01    5.0000000000E-01    3.9999953301E+02
    6.9000000000E+00    9.2500000000E-01    5.0000000000E-01    3.9999967361E+02
    7.1000000000E+00    9.2500000000E-01    5.0000000000E-01    3.9999976958E+02
    7.3000000000E+00    9.2500000000E-01    5.0000000000E-01    3.9999983410E+02
    7.5000000000E+00    9.2500000000E-01    5.0000000000E-01    3.9999987603E+02
    7.7000000000E+00    9.2500000000E-01    5.0000000000E-01    3.9999990116E+02
    7.9000000000E+00    9.2500000000E-01    5.0000000000E-01    3.9999991288E+02
    1.0000000000E-01    9.7500000000E-01    5.0000000000E-01    3.8120534343E+02
    3.0000000000E-01    9.7500000000E-01    5.0000000000E-01    3.8323484850E+02
    5.0000000000E-01    9.7500000000E-01    5.0000000000E-01    3.8587547744E+02
    7.0000000000E-01    9.7500000000E-01    5.0000000000E-01    3.8854677394E+02
    9.0000000000E-01    9.7500000000E-01    5.0000000000E-01    3.9096877024E+02
    1.1000000000E+00    9.7500000000E-01    5.0000000000E-01    3.9302849752E+02
    1.3000000000E+00    9.7500000000E-01    5.0000000000E-01    3.9470724687E+02
    1.5000000000E+00    9.7500000000E-01    5.0000000000E-01    3.9603477622E+02
    1.7000000000E+00    9.7500000000E-01    5.0000000000E-01    3.9706125464E+02
    1.9000000000E+00    9.7500000000E-01    5.0000000000E-01    3.9784136921E+02
    2.1000000000E+00    9.7500000000E-01    5.0000000000E-01    3.9842622305E+02
    2.3000000000E+00    9.7500000000E-01    5.0000000000E-01    3.9885989117E+02
    2.5000000000E+00    9.7500000000E-01    5.0000000000E-01    3.9917855783E+02
    2.7000000000E+00    9.7500000000E-01    5.0000000000E-01    3.9941095442E+02
    2.9000000000E+00    9.7500000000E-01    5.0000000000E-01    3.9957935268E+02
    3.1000000000E+00    9.7500000000E-01    5.0000000000E-01    3.9970070719E+02
    3.3000000000E+00    9.7500000000E-01    5.0000000000E-01    3.9978774392E+02
    3.5000000000E+00    9.7500000000E-01    5.0000000000E-01    3.9984990753E+02
    3.7000000000E+00    9.7500000000E-01    5.0000000000E-01    3.9989414296E+02
    3.9000000000E+00    9.7500000000E-01    5.0000000000E-01    3.9992551787E+02
    4.1000000000E+00    9.7500000000E-01    5.0000000000E-01    3.9994770612E+02
    4.3000000000E+00    9.7500000000E-01    5.0000000000E-01    3.9996335628E+02
    4.5000000000E+00    9.7500000000E-01    5.0000000000E-01    3.9997436860E+02
    4.7000000000E+00    9.7500000000E-01    5.0000000000E-01    3.9998210070E+02
    4.9000000000E+00    9.7500000000E-01    5.0000000000E-01    3.9998751891E+02
    5.1000000000E+00    9.7500000000E-01    5.0000000000E-01    3.9999130878E+02
    5.3000000000E+00    9.7500000000E-01    5.0000000000E-01    3.9999395523E+02
    5.5000000000E+00    9.7500000000E-01    5.0000000000E-01    3.9999580037E+02
    5.7000000000E+00    9.7500000000E-01    5.0000000000E-01    3.9999708495E+02
    5.9000000000E+00    9.7500000000E-01    5.0000000000E-01    3.9999797802E+02
    6.1000000000E+00    9.7500000000E-01    5.0000000000E-01    3.9999859805E+02
    6.3000000000E+00    9.7500000000E-01    5.0000000000E-01    3.9999902788E+02
    6.5000000000E+00    9.7500000000E-01    5.0000000000E-01    3.9999932536E+02
    6.7000000000E+00    9.7500000000E-01    5.0000000000E-01    3.9999953074E+02
    6.9000000000E+00    9.7500000000E-01    5.0000000000E-01    3.9999967197E+02
    7.1000000000E+00    9.7500000000E-01    5.0000000000E-01    3.9999976838E+02
    7.3000000000E+00    9.7500000000E-01    5.0000000000E-01    3.9999983320E+02
    7.5000000000E+00    9.7500000000E-01    5.0000000000E-01    3.9999987533E+02
    7.7000000000E+00    9.7500000000E-01    5.0000000000E-01    3.9999990056E+02
    7.9000000000E+00    9.7500000000E-01    5.0000000000E-01    3.9999991234E+02
