# outer-step porous-block AC residual (every 1000th of 300000): res_q  res_m
1 0.0000e+00 5.2152e+03
1001 6.5679e+00 6.3134e+01
2001 2.8267e+00 2.5953e+01
3001 1.7027e+00 1.6542e+01
4001 1.2207e+00 1.2150e+01
5001 9.3990e-01 9.4372e+00
6001 7.2839e-01 7.3589e+00
7001 5.5650e-01 5.6787e+00
8001 4.6659e-01 4.3161e+00
9001 4.2901e-01 3.2203e+00
10001 4.0166e-01 2.6668e+00
11001 3.8119e-01 2.5566e+00
12001 3.6557e-01 2.4820e+00
13001 3.5197e-01 2.4263e+00
14001 3.4109e-01 2.3856e+00
15001 3.3105e-01 2.3459e+00
16001 3.2238e-01 2.3117e+00
17001 3.1388e-01 2.2772e+00
18001 3.0542e-01 2.2378e+00
19001 2.9728e-01 2.1976e+00
20001 2.8918e-01 2.1541e+00
21001 2.8122e-01 2.1089e+00
22001 2.7328e-01 2.0611e+00
23001 2.6539e-01 2.0115e+00
24001 2.5763e-01 1.9608e+00
25001 2.5000e-01 1.9093e+00
26001 2.4244e-01 1.8578e+00
27001 2.3500e-01 1.8058e+00
28001 2.2775e-01 1.7542e+00
29001 2.2056e-01 1.7029e+00
30001 2.1361e-01 1.6522e+00
31001 2.0674e-01 1.6022e+00
32001 2.0009e-01 1.5533e+00
33001 1.9358e-01 1.5050e+00
34001 1.8720e-01 1.4579e+00
35001 1.8105e-01 1.4120e+00
36001 1.7502e-01 1.3670e+00
37001 1.6914e-01 1.3230e+00
38001 1.6345e-01 1.2806e+00
39001 1.5793e-01 1.2392e+00
40001 1.5256e-01 1.1989e+00
41001 1.4734e-01 1.1597e+00
42001 1.4227e-01 1.1217e+00
43001 1.3737e-01 1.0849e+00
44001 1.3264e-01 1.0493e+00
45001 1.2804e-01 1.0148e+00
46001 1.2358e-01 9.8134e-01
47001 1.1927e-01 9.4892e-01
48001 1.1509e-01 9.1750e-01
49001 1.1104e-01 8.8708e-01
50001 1.0713e-01 8.5762e-01
51001 1.0334e-01 8.2909e-01
52001 9.9683e-02 8.0147e-01
53001 9.6150e-02 7.7475e-01
54001 9.2734e-02 7.4892e-01
55001 8.9431e-02 7.2395e-01
56001 8.6235e-02 6.9978e-01
57001 8.3147e-02 6.7640e-01
58001 8.0164e-02 6.5377e-01
59001 7.7281e-02 6.3189e-01
60001 7.4498e-02 6.1072e-01
61001 7.1812e-02 5.9026e-01
62001 6.9219e-02 5.7047e-01
63001 6.6718e-02 5.5135e-01
64001 6.4302e-02 5.3285e-01
65001 6.1971e-02 5.1495e-01
66001 5.9723e-02 4.9766e-01
67001 5.7555e-02 4.8095e-01
68001 5.5490e-02 4.6479e-01
69001 5.3474e-02 4.4916e-01
70001 5.1525e-02 4.3404e-01
71001 4.9642e-02 4.1942e-01
72001 4.7828e-02 4.0527e-01
73001 4.6079e-02 3.9160e-01
74001 4.4394e-02 3.7838e-01
75001 4.2770e-02 3.6560e-01
76001 4.1206e-02 3.5325e-01
77001 3.9699e-02 3.4131e-01
78001 3.8246e-02 3.2976e-01
79001 3.6846e-02 3.1860e-01
80001 3.5498e-02 3.0781e-01
81001 3.4200e-02 2.9738e-01
82001 5.7171e-02 2.8725e-01
83001 6.3465e-02 2.7713e-01
84001 6.9570e-02 2.6727e-01
85001 7.0776e-02 2.5777e-01
86001 7.1814e-02 2.4862e-01
87001 7.0803e-02 2.3989e-01
88001 7.2043e-02 2.3161e-01
89001 7.2411e-02 2.2361e-01
90001 7.2155e-02 2.1587e-01
91001 7.1309e-02 2.0845e-01
92001 7.1002e-02 2.0140e-01
93001 6.9981e-02 1.9480e-01
94001 6.8886e-02 1.8863e-01
95001 6.7666e-02 1.8282e-01
96001 6.7111e-02 1.7725e-01
97001 6.6603e-02 1.7178e-01
98001 6.5906e-02 1.6642e-01
99001 6.5075e-02 1.6096e-01
100001 6.4121e-02 1.5535e-01
101001 6.3813e-02 1.4968e-01
102001 6.3265e-02 1.4398e-01
103001 6.2280e-02 1.4117e-01
104001 6.0874e-02 1.3368e-01
105001 5.9081e-02 1.2804e-01
106001 5.7895e-02 1.2630e-01
107001 5.6350e-02 1.1616e-01
108001 5.4871e-02 1.1509e-01
109001 5.3106e-02 1.0540e-01
110001 5.1365e-02 1.0502e-01
111001 4.9137e-02 1.0064e-01
112001 4.7111e-02 9.8690e-02
113001 4.4790e-02 9.6621e-02
114001 4.2440e-02 9.4448e-02
115001 3.9863e-02 9.2185e-02
116001 3.7314e-02 8.9906e-02
117001 3.4715e-02 8.7567e-02
118001 3.2161e-02 8.5208e-02
119001 2.9709e-02 8.2895e-02
120001 2.7397e-02 8.0596e-02
121001 2.5274e-02 7.8354e-02
122001 2.3366e-02 7.6172e-02
123001 2.1631e-02 7.4030e-02
124001 2.0077e-02 7.1938e-02
125001 1.8690e-02 6.9916e-02
126001 1.7463e-02 6.7945e-02
127001 1.6371e-02 6.5993e-02
128001 1.5393e-02 6.4074e-02
129001 1.4513e-02 6.2194e-02
130001 1.3719e-02 6.0351e-02
131001 1.2995e-02 5.8554e-02
132001 1.2328e-02 5.6805e-02
133001 1.1708e-02 5.5096e-02
134001 1.1137e-02 5.3433e-02
135001 1.0603e-02 5.1812e-02
136001 1.0103e-02 5.0231e-02
137001 9.6386e-03 4.8694e-02
138001 9.2019e-03 4.7200e-02
139001 8.7906e-03 4.5748e-02
140001 8.4036e-03 4.4334e-02
141001 8.0390e-03 4.2959e-02
142001 7.6944e-03 4.1625e-02
143001 7.3680e-03 4.0330e-02
144001 7.0588e-03 3.9072e-02
145001 6.7670e-03 3.7851e-02
146001 6.4897e-03 3.6666e-02
147001 6.2260e-03 3.5516e-02
148001 5.9746e-03 3.4398e-02
149001 5.7352e-03 3.3313e-02
150001 5.5079e-03 3.2261e-02
151001 5.2917e-03 3.1246e-02
152001 5.0857e-03 3.0258e-02
153001 4.8886e-03 2.9300e-02
154001 4.7002e-03 2.8370e-02
155001 4.5200e-03 2.7468e-02
156001 4.3476e-03 2.6594e-02
157001 4.1832e-03 2.5747e-02
158001 4.0260e-03 2.4926e-02
159001 3.8754e-03 2.4131e-02
160001 3.7312e-03 2.3360e-02
161001 3.5929e-03 2.2613e-02
162001 3.4603e-03 2.1890e-02
163001 3.3332e-03 2.1189e-02
164001 3.2112e-03 2.0510e-02
165001 3.0941e-03 1.9853e-02
166001 2.9817e-03 1.9216e-02
167001 2.8741e-03 1.8599e-02
168001 2.7707e-03 1.8001e-02
169001 2.6714e-03 1.7423e-02
170001 2.5760e-03 1.6862e-02
171001 2.4842e-03 1.6320e-02
172001 2.3959e-03 1.5794e-02
173001 2.3110e-03 1.5285e-02
174001 2.2293e-03 1.4791e-02
175001 2.1507e-03 1.4314e-02
176001 2.0750e-03 1.3852e-02
177001 2.0023e-03 1.3405e-02
178001 1.9322e-03 1.2972e-02
179001 1.8648e-03 1.2553e-02
180001 1.7998e-03 1.2147e-02
181001 1.7372e-03 1.1754e-02
182001 1.6770e-03 1.1374e-02
183001 1.6191e-03 1.1006e-02
184001 1.5632e-03 1.0650e-02
185001 1.5094e-03 1.0305e-02
186001 1.4575e-03 9.9713e-03
187001 1.4075e-03 9.6484e-03
188001 1.3593e-03 9.3358e-03
189001 1.3128e-03 9.0332e-03
190001 1.2680e-03 8.7404e-03
191001 1.2248e-03 8.4570e-03
192001 1.1831e-03 8.1827e-03
193001 1.1428e-03 7.9173e-03
194001 1.1040e-03 7.6603e-03
195001 1.0666e-03 7.4117e-03
196001 1.0305e-03 7.1712e-03
197001 9.9561e-04 6.9384e-03
198001 9.6197e-04 6.7130e-03
199001 9.2950e-04 6.4950e-03
200001 8.9816e-04 6.2840e-03
201001 8.6792e-04 6.0799e-03
202001 8.3872e-04 5.8824e-03
203001 8.1054e-04 5.6913e-03
204001 7.8334e-04 5.5063e-03
205001 7.5706e-04 5.3273e-03
206001 7.3168e-04 5.1541e-03
207001 7.0718e-04 4.9866e-03
208001 6.8352e-04 4.8244e-03
209001 6.6068e-04 4.6675e-03
210001 6.3861e-04 4.5157e-03
211001 6.1729e-04 4.3689e-03
212001 5.9671e-04 4.2268e-03
213001 5.7683e-04 4.0893e-03
214001 5.5762e-04 3.9562e-03
215001 5.3906e-04 3.8275e-03
216001 5.2114e-04 3.7030e-03
217001 5.0382e-04 3.5825e-03
218001 4.8709e-04 3.4660e-03
219001 4.7094e-04 3.3532e-03
220001 4.5533e-04 3.2441e-03
221001 4.4025e-04 3.1386e-03
222001 4.2568e-04 3.0365e-03
223001 4.1160e-04 2.9377e-03
224001 3.9798e-04 2.8421e-03
225001 3.8483e-04 2.7496e-03
226001 3.7211e-04 2.6601e-03
227001 3.5981e-04 2.5735e-03
228001 3.4793e-04 2.4897e-03
229001 3.3644e-04 2.4086e-03
230001 3.2533e-04 2.3301e-03
231001 3.1459e-04 2.2542e-03
232001 3.0421e-04 2.1808e-03
233001 2.9418e-04 2.1097e-03
234001 2.8448e-04 2.0409e-03
235001 2.7510e-04 1.9744e-03
236001 2.6603e-04 1.9101e-03
237001 2.5727e-04 1.8478e-03
238001 2.4879e-04 1.7875e-03
239001 2.4060e-04 1.7293e-03
240001 2.3268e-04 1.6729e-03
241001 2.2502e-04 1.6183e-03
242001 2.1761e-04 1.5655e-03
243001 2.1045e-04 1.5145e-03
244001 2.0353e-04 1.4651e-03
245001 1.9684e-04 1.4173e-03
246001 1.9037e-04 1.3710e-03
247001 1.8411e-04 1.3263e-03
248001 1.7806e-04 1.2830e-03
249001 1.7220e-04 1.2412e-03
250001 1.6655e-04 1.2007e-03
251001 1.6107e-04 1.1615e-03
252001 1.5578e-04 1.1236e-03
253001 1.5067e-04 1.0869e-03
254001 1.4572e-04 1.0514e-03
255001 1.4094e-04 1.0171e-03
256001 1.3631e-04 9.8394e-04
257001 1.3184e-04 9.5182e-04
258001 1.2751e-04 9.2074e-04
259001 1.2333e-04 8.9069e-04
260001 1.1928e-04 8.6161e-04
261001 1.1537e-04 8.3350e-04
262001 1.1159e-04 8.0629e-04
263001 1.0793e-04 7.7996e-04
264001 1.0439e-04 7.5450e-04
265001 1.0097e-04 7.2986e-04
266001 9.7657e-05 7.0603e-04
267001 9.4456e-05 6.8298e-04
268001 9.1360e-05 6.6068e-04
269001 8.8366e-05 6.3911e-04
270001 8.5471e-05 6.1824e-04
271001 8.2670e-05 5.9806e-04
272001 7.9962e-05 5.7853e-04
273001 7.7342e-05 5.5963e-04
274001 7.4808e-05 5.4136e-04
275001 7.2358e-05 5.2368e-04
276001 6.9988e-05 5.0658e-04
277001 6.7696e-05 4.9003e-04
278001 6.5479e-05 4.7403e-04
279001 6.3335e-05 4.5855e-04
280001 6.1262e-05 4.4357e-04
281001 5.9256e-05 4.2908e-04
282001 5.7316e-05 4.1507e-04
283001 5.5440e-05 4.0151e-04
284001 5.3625e-05 3.8840e-04
285001 5.1869e-05 3.7571e-04
286001 5.0172e-05 3.6344e-04
287001 4.8530e-05 3.5157e-04
288001 4.6942e-05 3.4009e-04
289001 4.5406e-05 3.2898e-04
290001 4.3920e-05 3.1823e-04
291001 4.2483e-05 3.0784e-04
292001 4.1093e-05 2.9778e-04
293001 3.9748e-05 2.8806e-04
294001 3.8448e-05 2.7865e-04
295001 3.7190e-05 2.6955e-04
296001 3.5974e-05 2.6074e-04
297001 3.4797e-05 2.5222e-04
298001 3.3659e-05 2.4399e-04
299001 3.2558e-05 2.3602e-04
final 300000 3.1494e-05 2.2831e-04
