 TITLE = "Solid temperature field"
 VARIABLES = "x" "y" "z" "Ts"
 ZONE I=         400  J=           1  K=           1  DATAPACKING=POINT
    1.2500000000E-05    5.0000000000E-02    5.0000000000E-02    5.1541641799E+02
    3.7500000000E-05    5.0000000000E-02    5.0000000000E-02    5.1546280528E+02
    6.2500000000E-05    5.0000000000E-02    5.0000000000E-02    5.1553686477E+02
    8.7500000000E-05    5.0000000000E-02    5.0000000000E-02    5.1563793599E+02
    1.1250000000E-04    5.0000000000E-02    5.0000000000E-02    5.1576537787E+02
    1.3750000000E-04    5.0000000000E-02    5.0000000000E-02    5.1591856822E+02
    1.6250000000E-04    5.0000000000E-02    5.0000000000E-02    5.1609690324E+02
    1.8750000000E-04    5.0000000000E-02    5.0000000000E-02    5.1629979704E+02
    2.1250000000E-04    5.0000000000E-02    5.0000000000E-02    5.1652668108E+02
    2.3750000000E-04    5.0000000000E-02    5.0000000000E-02    5.1677700375E+02
    2.6250000000E-04    5.0000000000E-02    5.0000000000E-02    5.1705022981E+02
    2.8750000000E-04    5.0000000000E-02    5.0000000000E-02    5.1734584000E+02
    3.1250000000E-04    5.0000000000E-02    5.0000000000E-02    5.1766333053E+02
    3.3750000000E-04    5.0000000000E-02    5.0000000000E-02    5.1800221264E+02
    3.6250000000E-04    5.0000000000E-02    5.0000000000E-02    5.1836201224E+02
    3.8750000000E-04    5.0000000000E-02    5.0000000000E-02    5.1874226941E+02
    4.1250000000E-04    5.0000000000E-02    5.0000000000E-02    5.1914253803E+02
    4.3750000000E-04    5.0000000000E-02    5.0000000000E-02    5.1956238542E+02
    4.6250000000E-04    5.0000000000E-02    5.0000000000E-02    5.2000139189E+02
    4.8750000000E-04    5.0000000000E-02    5.0000000000E-02    5.2045915042E+02
    5.1250000000E-04    5.0000000000E-02    5.0000000000E-02    5.2093526632E+02
    5.3750000000E-04    5.0000000000E-02    5.0000000000E-02    5.2142935680E+02
    5.6250000000E-04    5.0000000000E-02    5.0000000000E-02    5.2194105071E+02
    5.8750000000E-04    5.0000000000E-02    5.0000000000E-02    5.2246998817E+02
    6.1250000000E-04    5.0000000000E-02    5.0000000000E-02    5.2301582027E+02
    6.3750000000E-04    5.0000000000E-02    5.0000000000E-02    5.2357820874E+02
    6.6250000000E-04    5.0000000000E-02    5.0000000000E-02    5.2415682566E+02
    6.8750000000E-04    5.0000000000E-02    5.0000000000E-02    5.2475135316E+02
    7.1250000000E-04    5.0000000000E-02    5.0000000000E-02    5.2536148316E+02
    7.3750000000E-04    5.0000000000E-02    5.0000000000E-02    5.2598691703E+02
    7.6250000000E-04    5.0000000000E-02    5.0000000000E-02    5.2662736541E+02
    7.8750000000E-04    5.0000000000E-02    5.0000000000E-02    5.2728254788E+02
    8.1250000000E-04    5.0000000000E-02    5.0000000000E-02    5.2795219272E+02
    8.3750000000E-04    5.0000000000E-02    5.0000000000E-02    5.2863603670E+02
    8.6250000000E-04    5.0000000000E-02    5.0000000000E-02    5.2933382479E+02
    8.8750000000E-04    5.0000000000E-02    5.0000000000E-02    5.3004530996E+02
    9.1250000000E-04    5.0000000000E-02    5.0000000000E-02    5.3077025294E+02
    9.3750000000E-04    5.0000000000E-02    5.0000000000E-02    5.3150842202E+02
    9.6250000000E-04    5.0000000000E-02    5.0000000000E-02    5.3225959281E+02
    9.8750000000E-04    5.0000000000E-02    5.0000000000E-02    5.3302354805E+02
    1.0125000000E-03    5.0000000000E-02    5.0000000000E-02    5.3380007741E+02
    1.0375000000E-03    5.0000000000E-02    5.0000000000E-02    5.3458897728E+02
    1.0625000000E-03    5.0000000000E-02    5.0000000000E-02    5.3539005061E+02
    1.0875000000E-03    5.0000000000E-02    5.0000000000E-02    5.3620310668E+02
    1.1125000000E-03    5.0000000000E-02    5.0000000000E-02    5.3702796097E+02
    1.1375000000E-03    5.0000000000E-02    5.0000000000E-02    5.3786443495E+02
    1.1625000000E-03    5.0000000000E-02    5.0000000000E-02    5.3871235594E+02
    1.1875000000E-03    5.0000000000E-02    5.0000000000E-02    5.3957155693E+02
    1.2125000000E-03    5.0000000000E-02    5.0000000000E-02    5.4044187641E+02
    1.2375000000E-03    5.0000000000E-02    5.0000000000E-02    5.4132315823E+02
    1.2625000000E-03    5.0000000000E-02    5.0000000000E-02    5.4221525147E+02
    1.2875000000E-03    5.0000000000E-02    5.0000000000E-02    5.4311801024E+02
    1.3125000000E-03    5.0000000000E-02    5.0000000000E-02    5.4403129359E+02
    1.3375000000E-03    5.0000000000E-02    5.0000000000E-02    5.4495496536E+02
    1.3625000000E-03    5.0000000000E-02    5.0000000000E-02    5.4588889402E+02
    1.3875000000E-03    5.0000000000E-02    5.0000000000E-02    5.4683295258E+02
    1.4125000000E-03    5.0000000000E-02    5.0000000000E-02    5.4778701842E+02
    1.4375000000E-03    5.0000000000E-02    5.0000000000E-02    5.4875097321E+02
    1.4625000000E-03    5.0000000000E-02    5.0000000000E-02    5.4972470278E+02
    1.4875000000E-03    5.0000000000E-02    5.0000000000E-02    5.5070809697E+02
    1.5125000000E-03    5.0000000000E-02    5.0000000000E-02    5.5170104956E+02
    1.5375000000E-03    5.0000000000E-02    5.0000000000E-02    5.5270345816E+02
    1.5625000000E-03    5.0000000000E-02    5.0000000000E-02    5.5371522406E+02
    1.5875000000E-03    5.0000000000E-02    5.0000000000E-02    5.5473625218E+02
    1.6125000000E-03    5.0000000000E-02    5.0000000000E-02    5.5576645095E+02
    1.6375000000E-03    5.0000000000E-02    5.0000000000E-02    5.5680573220E+02
    1.6625000000E-03    5.0000000000E-02    5.0000000000E-02    5.5785401107E+02
    1.6875000000E-03    5.0000000000E-02    5.0000000000E-02    5.5891120595E+02
    1.7125000000E-03    5.0000000000E-02    5.0000000000E-02    5.5997723834E+02
    1.7375000000E-03    5.0000000000E-02    5.0000000000E-02    5.6105203282E+02
    1.7625000000E-03    5.0000000000E-02    5.0000000000E-02    5.6213551690E+02
    1.7875000000E-03    5.0000000000E-02    5.0000000000E-02    5.6322762101E+02
    1.8125000000E-03    5.0000000000E-02    5.0000000000E-02    5.6432827836E+02
    1.8375000000E-03    5.0000000000E-02    5.0000000000E-02    5.6543742492E+02
    1.8625000000E-03    5.0000000000E-02    5.0000000000E-02    5.6655499928E+02
    1.8875000000E-03    5.0000000000E-02    5.0000000000E-02    5.6768094265E+02
    1.9125000000E-03    5.0000000000E-02    5.0000000000E-02    5.6881519871E+02
    1.9375000000E-03    5.0000000000E-02    5.0000000000E-02    5.6995771363E+02
    1.9625000000E-03    5.0000000000E-02    5.0000000000E-02    5.7110843593E+02
    1.9875000000E-03    5.0000000000E-02    5.0000000000E-02    5.7226731645E+02
    2.0125000000E-03    5.0000000000E-02    5.0000000000E-02    5.7343430829E+02
    2.0375000000E-03    5.0000000000E-02    5.0000000000E-02    5.7460936672E+02
    2.0625000000E-03    5.0000000000E-02    5.0000000000E-02    5.7579244917E+02
    2.0875000000E-03    5.0000000000E-02    5.0000000000E-02    5.7698351513E+02
    2.1125000000E-03    5.0000000000E-02    5.0000000000E-02    5.7818252612E+02
    2.1375000000E-03    5.0000000000E-02    5.0000000000E-02    5.7938944559E+02
    2.1625000000E-03    5.0000000000E-02    5.0000000000E-02    5.8060423896E+02
    2.1875000000E-03    5.0000000000E-02    5.0000000000E-02    5.8182687346E+02
    2.2125000000E-03    5.0000000000E-02    5.0000000000E-02    5.8305731817E+02
    2.2375000000E-03    5.0000000000E-02    5.0000000000E-02    5.8429554392E+02
    2.2625000000E-03    5.0000000000E-02    5.0000000000E-02    5.8554152326E+02
    2.2875000000E-03    5.0000000000E-02    5.0000000000E-02    5.8679523040E+02
    2.3125000000E-03    5.0000000000E-02    5.0000000000E-02    5.8805664120E+02
    2.3375000000E-03    5.0000000000E-02    5.0000000000E-02    5.8932573311E+02
    2.3625000000E-03    5.0000000000E-02    5.0000000000E-02    5.9060248509E+02
    2.3875000000E-03    5.0000000000E-02    5.0000000000E-02    5.9188687765E+02
    2.4125000000E-03    5.0000000000E-02    5.0000000000E-02    5.9317889274E+02
    2.4375000000E-03    5.0000000000E-02    5.0000000000E-02    5.9447851375E+02
    2.4625000000E-03    5.0000000000E-02    5.0000000000E-02    5.9578572544E+02
    2.4875000000E-03    5.0000000000E-02    5.0000000000E-02    5.9710051395E+02
    2.5125000000E-03    5.0000000000E-02    5.0000000000E-02    5.9842286674E+02
    2.5375000000E-03    5.0000000000E-02    5.0000000000E-02    5.9975277255E+02
    2.5625000000E-03    5.0000000000E-02    5.0000000000E-02    6.0109022136E+02
    2.5875000000E-03    5.0000000000E-02    5.0000000000E-02    6.0243520440E+02
    2.6125000000E-03    5.0000000000E-02    5.0000000000E-02    6.0378771409E+02
    2.6375000000E-03    5.0000000000E-02    5.0000000000E-02    6.0514774399E+02
    2.6625000000E-03    5.0000000000E-02    5.0000000000E-02    6.0651528882E+02
    2.6875000000E-03    5.0000000000E-02    5.0000000000E-02    6.0789034438E+02
    2.7125000000E-03    5.0000000000E-02    5.0000000000E-02    6.0927290757E+02
    2.7375000000E-03    5.0000000000E-02    5.0000000000E-02    6.1066297633E+02
    2.7625000000E-03    5.0000000000E-02    5.0000000000E-02    6.1206054963E+02
    2.7875000000E-03    5.0000000000E-02    5.0000000000E-02    6.1346562744E+02
    2.8125000000E-03    5.0000000000E-02    5.0000000000E-02    6.1487821072E+02
    2.8375000000E-03    5.0000000000E-02    5.0000000000E-02    6.1629830134E+02
    2.8625000000E-03    5.0000000000E-02    5.0000000000E-02    6.1772590216E+02
    2.8875000000E-03    5.0000000000E-02    5.0000000000E-02    6.1916101690E+02
    2.9125000000E-03    5.0000000000E-02    5.0000000000E-02    6.2060365019E+02
    2.9375000000E-03    5.0000000000E-02    5.0000000000E-02    6.2205380752E+02
    2.9625000000E-03    5.0000000000E-02    5.0000000000E-02    6.2351149522E+02
    2.9875000000E-03    5.0000000000E-02    5.0000000000E-02    6.2497672047E+02
    3.0125000000E-03    5.0000000000E-02    5.0000000000E-02    6.2644949122E+02
    3.0375000000E-03    5.0000000000E-02    5.0000000000E-02    6.2792981624E+02
    3.0625000000E-03    5.0000000000E-02    5.0000000000E-02    6.2941770505E+02
    3.0875000000E-03    5.0000000000E-02    5.0000000000E-02    6.3091316792E+02
    3.1125000000E-03    5.0000000000E-02    5.0000000000E-02    6.3241621589E+02
    3.1375000000E-03    5.0000000000E-02    5.0000000000E-02    6.3392686067E+02
    3.1625000000E-03    5.0000000000E-02    5.0000000000E-02    6.3544511472E+02
    3.1875000000E-03    5.0000000000E-02    5.0000000000E-02    6.3697099115E+02
    3.2125000000E-03    5.0000000000E-02    5.0000000000E-02    6.3850450378E+02
    3.2375000000E-03    5.0000000000E-02    5.0000000000E-02    6.4004566705E+02
    3.2625000000E-03    5.0000000000E-02    5.0000000000E-02    6.4159449607E+02
    3.2875000000E-03    5.0000000000E-02    5.0000000000E-02    6.4315100658E+02
    3.3125000000E-03    5.0000000000E-02    5.0000000000E-02    6.4471521493E+02
    3.3375000000E-03    5.0000000000E-02    5.0000000000E-02    6.4628713807E+02
    3.3625000000E-03    5.0000000000E-02    5.0000000000E-02    6.4786679356E+02
    3.3875000000E-03    5.0000000000E-02    5.0000000000E-02    6.4945419954E+02
    3.4125000000E-03    5.0000000000E-02    5.0000000000E-02    6.5104937468E+02
    3.4375000000E-03    5.0000000000E-02    5.0000000000E-02    6.5265233826E+02
    3.4625000000E-03    5.0000000000E-02    5.0000000000E-02    6.5426311008E+02
    3.4875000000E-03    5.0000000000E-02    5.0000000000E-02    6.5588171047E+02
    3.5125000000E-03    5.0000000000E-02    5.0000000000E-02    6.5750816031E+02
    3.5375000000E-03    5.0000000000E-02    5.0000000000E-02    6.5914248096E+02
    3.5625000000E-03    5.0000000000E-02    5.0000000000E-02    6.6078469431E+02
    3.5875000000E-03    5.0000000000E-02    5.0000000000E-02    6.6243482275E+02
    3.6125000000E-03    5.0000000000E-02    5.0000000000E-02    6.6409288914E+02
    3.6375000000E-03    5.0000000000E-02    5.0000000000E-02    6.6575891684E+02
    3.6625000000E-03    5.0000000000E-02    5.0000000000E-02    6.6743292965E+02
    3.6875000000E-03    5.0000000000E-02    5.0000000000E-02    6.6911495185E+02
    3.7125000000E-03    5.0000000000E-02    5.0000000000E-02    6.7080500818E+02
    3.7375000000E-03    5.0000000000E-02    5.0000000000E-02    6.7250312382E+02
    3.7625000000E-03    5.0000000000E-02    5.0000000000E-02    6.7420932437E+02
    3.7875000000E-03    5.0000000000E-02    5.0000000000E-02    6.7592363589E+02
    3.8125000000E-03    5.0000000000E-02    5.0000000000E-02    6.7764608484E+02
    3.8375000000E-03    5.0000000000E-02    5.0000000000E-02    6.7937669812E+02
    3.8625000000E-03    5.0000000000E-02    5.0000000000E-02    6.8111550301E+02
    3.8875000000E-03    5.0000000000E-02    5.0000000000E-02    6.8286252723E+02
    3.9125000000E-03    5.0000000000E-02    5.0000000000E-02    6.8461779886E+02
    3.9375000000E-03    5.0000000000E-02    5.0000000000E-02    6.8638134641E+02
    3.9625000000E-03    5.0000000000E-02    5.0000000000E-02    6.8815319874E+02
    3.9875000000E-03    5.0000000000E-02    5.0000000000E-02    6.8993338512E+02
    4.0125000000E-03    5.0000000000E-02    5.0000000000E-02    6.9172193518E+02
    4.0375000000E-03    5.0000000000E-02    5.0000000000E-02    6.9351887891E+02
    4.0625000000E-03    5.0000000000E-02    5.0000000000E-02    6.9532424670E+02
    4.0875000000E-03    5.0000000000E-02    5.0000000000E-02    6.9713806926E+02
    4.1125000000E-03    5.0000000000E-02    5.0000000000E-02    6.9896037768E+02
    4.1375000000E-03    5.0000000000E-02    5.0000000000E-02    7.0079120338E+02
    4.1625000000E-03    5.0000000000E-02    5.0000000000E-02    7.0263057816E+02
    4.1875000000E-03    5.0000000000E-02    5.0000000000E-02    7.0447853412E+02
    4.2125000000E-03    5.0000000000E-02    5.0000000000E-02    7.0633510374E+02
    4.2375000000E-03    5.0000000000E-02    5.0000000000E-02    7.0820031979E+02
    4.2625000000E-03    5.0000000000E-02    5.0000000000E-02    7.1007421541E+02
    4.2875000000E-03    5.0000000000E-02    5.0000000000E-02    7.1195682404E+02
    4.3125000000E-03    5.0000000000E-02    5.0000000000E-02    7.1384817945E+02
    4.3375000000E-03    5.0000000000E-02    5.0000000000E-02    7.1574831574E+02
    4.3625000000E-03    5.0000000000E-02    5.0000000000E-02    7.1765726730E+02
    4.3875000000E-03    5.0000000000E-02    5.0000000000E-02    7.1957506887E+02
    4.4125000000E-03    5.0000000000E-02    5.0000000000E-02    7.2150175547E+02
    4.4375000000E-03    5.0000000000E-02    5.0000000000E-02    7.2343736244E+02
    4.4625000000E-03    5.0000000000E-02    5.0000000000E-02    7.2538192542E+02
    4.4875000000E-03    5.0000000000E-02    5.0000000000E-02    7.2733548035E+02
    4.5125000000E-03    5.0000000000E-02    5.0000000000E-02    7.2929806346E+02
    4.5375000000E-03    5.0000000000E-02    5.0000000000E-02    7.3126971131E+02
    4.5625000000E-03    5.0000000000E-02    5.0000000000E-02    7.3325046071E+02
    4.5875000000E-03    5.0000000000E-02    5.0000000000E-02    7.3524034879E+02
    4.6125000000E-03    5.0000000000E-02    5.0000000000E-02    7.3723941297E+02
    4.6375000000E-03    5.0000000000E-02    5.0000000000E-02    7.3924769093E+02
    4.6625000000E-03    5.0000000000E-02    5.0000000000E-02    7.4126522066E+02
    4.6875000000E-03    5.0000000000E-02    5.0000000000E-02    7.4329204043E+02
    4.7125000000E-03    5.0000000000E-02    5.0000000000E-02    7.4532818878E+02
    4.7375000000E-03    5.0000000000E-02    5.0000000000E-02    7.4737370455E+02
    4.7625000000E-03    5.0000000000E-02    5.0000000000E-02    7.4942862683E+02
    4.7875000000E-03    5.0000000000E-02    5.0000000000E-02    7.5149299500E+02
    4.8125000000E-03    5.0000000000E-02    5.0000000000E-02    7.5356684872E+02
    4.8375000000E-03    5.0000000000E-02    5.0000000000E-02    7.5565022792E+02
    4.8625000000E-03    5.0000000000E-02    5.0000000000E-02    7.5774317279E+02
    4.8875000000E-03    5.0000000000E-02    5.0000000000E-02    7.5984572380E+02
    4.9125000000E-03    5.0000000000E-02    5.0000000000E-02    7.6195792170E+02
    4.9375000000E-03    5.0000000000E-02    5.0000000000E-02    7.6407980748E+02
    4.9625000000E-03    5.0000000000E-02    5.0000000000E-02    7.6621142242E+02
    4.9875000000E-03    5.0000000000E-02    5.0000000000E-02    7.6835280806E+02
    5.0125000000E-03    5.0000000000E-02    5.0000000000E-02    7.7050400619E+02
    5.0375000000E-03    5.0000000000E-02    5.0000000000E-02    7.7266505889E+02
    5.0625000000E-03    5.0000000000E-02    5.0000000000E-02    7.7483600847E+02
    5.0875000000E-03    5.0000000000E-02    5.0000000000E-02    7.7701689753E+02
    5.1125000000E-03    5.0000000000E-02    5.0000000000E-02    7.7920776893E+02
    5.1375000000E-03    5.0000000000E-02    5.0000000000E-02    7.8140866576E+02
    5.1625000000E-03    5.0000000000E-02    5.0000000000E-02    7.8361963139E+02
    5.1875000000E-03    5.0000000000E-02    5.0000000000E-02    7.8584070947E+02
    5.2125000000E-03    5.0000000000E-02    5.0000000000E-02    7.8807194387E+02
    5.2375000000E-03    5.0000000000E-02    5.0000000000E-02    7.9031337873E+02
    5.2625000000E-03    5.0000000000E-02    5.0000000000E-02    7.9256505846E+02
    5.2875000000E-03    5.0000000000E-02    5.0000000000E-02    7.9482702772E+02
    5.3125000000E-03    5.0000000000E-02    5.0000000000E-02    7.9709933141E+02
    5.3375000000E-03    5.0000000000E-02    5.0000000000E-02    7.9938201472E+02
    5.3625000000E-03    5.0000000000E-02    5.0000000000E-02    8.0167512306E+02
    5.3875000000E-03    5.0000000000E-02    5.0000000000E-02    8.0397870211E+02
    5.4125000000E-03    5.0000000000E-02    5.0000000000E-02    8.0629279781E+02
    5.4375000000E-03    5.0000000000E-02    5.0000000000E-02    8.0861745636E+02
    5.4625000000E-03    5.0000000000E-02    5.0000000000E-02    8.1095272419E+02
    5.4875000000E-03    5.0000000000E-02    5.0000000000E-02    8.1329864801E+02
    5.5125000000E-03    5.0000000000E-02    5.0000000000E-02    8.1565527477E+02
    5.5375000000E-03    5.0000000000E-02    5.0000000000E-02    8.1802265167E+02
    5.5625000000E-03    5.0000000000E-02    5.0000000000E-02    8.2040082619E+02
    5.5875000000E-03    5.0000000000E-02    5.0000000000E-02    8.2278984604E+02
    5.6125000000E-03    5.0000000000E-02    5.0000000000E-02    8.2518975918E+02
    5.6375000000E-03    5.0000000000E-02    5.0000000000E-02    8.2760061385E+02
    5.6625000000E-03    5.0000000000E-02    5.0000000000E-02    8.3002245853E+02
    5.6875000000E-03    5.0000000000E-02    5.0000000000E-02    8.3245534195E+02
    5.7125000000E-03    5.0000000000E-02    5.0000000000E-02    8.3489931310E+02
    5.7375000000E-03    5.0000000000E-02    5.0000000000E-02    8.3735442123E+02
    5.7625000000E-03    5.0000000000E-02    5.0000000000E-02    8.3982071583E+02
    5.7875000000E-03    5.0000000000E-02    5.0000000000E-02    8.4229824667E+02
    5.8125000000E-03    5.0000000000E-02    5.0000000000E-02    8.4478706376E+02
    5.8375000000E-03    5.0000000000E-02    5.0000000000E-02    8.4728721736E+02
    5.8625000000E-03    5.0000000000E-02    5.0000000000E-02    8.4979875799E+02
    5.8875000000E-03    5.0000000000E-02    5.0000000000E-02    8.5232173645E+02
    5.9125000000E-03    5.0000000000E-02    5.0000000000E-02    8.5485620376E+02
    5.9375000000E-03    5.0000000000E-02    5.0000000000E-02    8.5740221123E+02
    5.9625000000E-03    5.0000000000E-02    5.0000000000E-02    8.5995981041E+02
    5.9875000000E-03    5.0000000000E-02    5.0000000000E-02    8.6252905311E+02
    6.0125000000E-03    5.0000000000E-02    5.0000000000E-02    8.6510999140E+02
    6.0375000000E-03    5.0000000000E-02    5.0000000000E-02    8.6770267761E+02
    6.0625000000E-03    5.0000000000E-02    5.0000000000E-02    8.7030716434E+02
    6.0875000000E-03    5.0000000000E-02    5.0000000000E-02    8.7292350444E+02
    6.1125000000E-03    5.0000000000E-02    5.0000000000E-02    8.7555175102E+02
    6.1375000000E-03    5.0000000000E-02    5.0000000000E-02    8.7819195745E+02
    6.1625000000E-03    5.0000000000E-02    5.0000000000E-02    8.8084417737E+02
    6.1875000000E-03    5.0000000000E-02    5.0000000000E-02    8.8350846468E+02
    6.2125000000E-03    5.0000000000E-02    5.0000000000E-02    8.8618487354E+02
    6.2375000000E-03    5.0000000000E-02    5.0000000000E-02    8.8887345839E+02
    6.2625000000E-03    5.0000000000E-02    5.0000000000E-02    8.9157427390E+02
    6.2875000000E-03    5.0000000000E-02    5.0000000000E-02    8.9428737505E+02
    6.3125000000E-03    5.0000000000E-02    5.0000000000E-02    8.9701281705E+02
    6.3375000000E-03    5.0000000000E-02    5.0000000000E-02    8.9975065540E+02
    6.3625000000E-03    5.0000000000E-02    5.0000000000E-02    9.0250094585E+02
    6.3875000000E-03    5.0000000000E-02    5.0000000000E-02    9.0526374443E+02
    6.4125000000E-03    5.0000000000E-02    5.0000000000E-02    9.0803910744E+02
    6.4375000000E-03    5.0000000000E-02    5.0000000000E-02    9.1082709145E+02
    6.4625000000E-03    5.0000000000E-02    5.0000000000E-02    9.1362775329E+02
    6.4875000000E-03    5.0000000000E-02    5.0000000000E-02    9.1644115006E+02
    6.5125000000E-03    5.0000000000E-02    5.0000000000E-02    9.1926733917E+02
    6.5375000000E-03    5.0000000000E-02    5.0000000000E-02    9.2210637824E+02
    6.5625000000E-03    5.0000000000E-02    5.0000000000E-02    9.2495832523E+02
    6.5875000000E-03    5.0000000000E-02    5.0000000000E-02    9.2782323833E+02
    6.6125000000E-03    5.0000000000E-02    5.0000000000E-02    9.3070117603E+02
    6.6375000000E-03    5.0000000000E-02    5.0000000000E-02    9.3359219707E+02
    6.6625000000E-03    5.0000000000E-02    5.0000000000E-02    9.3649636050E+02
    6.6875000000E-03    5.0000000000E-02    5.0000000000E-02    9.3941372564E+02
    6.7125000000E-03    5.0000000000E-02    5.0000000000E-02    9.4234435207E+02
    6.7375000000E-03    5.0000000000E-02    5.0000000000E-02    9.4528829967E+02
    6.7625000000E-03    5.0000000000E-02    5.0000000000E-02    9.4824562861E+02
    6.7875000000E-03    5.0000000000E-02    5.0000000000E-02    9.5121639931E+02
    6.8125000000E-03    5.0000000000E-02    5.0000000000E-02    9.5420067250E+02
    6.8375000000E-03    5.0000000000E-02    5.0000000000E-02    9.5719850920E+02
    6.8625000000E-03    5.0000000000E-02    5.0000000000E-02    9.6020997069E+02
    6.8875000000E-03    5.0000000000E-02    5.0000000000E-02    9.6323511855E+02
    6.9125000000E-03    5.0000000000E-02    5.0000000000E-02    9.6627401467E+02
    6.9375000000E-03    5.0000000000E-02    5.0000000000E-02    9.6932672119E+02
    6.9625000000E-03    5.0000000000E-02    5.0000000000E-02    9.7239330056E+02
    6.9875000000E-03    5.0000000000E-02    5.0000000000E-02    9.7547381552E+02
    7.0125000000E-03    5.0000000000E-02    5.0000000000E-02    9.7856832911E+02
    7.0375000000E-03    5.0000000000E-02    5.0000000000E-02    9.8167690465E+02
    7.0625000000E-03    5.0000000000E-02    5.0000000000E-02    9.8479960575E+02
    7.0875000000E-03    5.0000000000E-02    5.0000000000E-02    9.8793649634E+02
    7.1125000000E-03    5.0000000000E-02    5.0000000000E-02    9.9108764063E+02
    7.1375000000E-03    5.0000000000E-02    5.0000000000E-02    9.9425310313E+02
    7.1625000000E-03    5.0000000000E-02    5.0000000000E-02    9.9743294864E+02
    7.1875000000E-03    5.0000000000E-02    5.0000000000E-02    1.0006272423E+03
    7.2125000000E-03    5.0000000000E-02    5.0000000000E-02    1.0038360495E+03
    7.2375000000E-03    5.0000000000E-02    5.0000000000E-02    1.0070594359E+03
    7.2625000000E-03    5.0000000000E-02    5.0000000000E-02    1.0102974676E+03
    7.2875000000E-03    5.0000000000E-02    5.0000000000E-02    1.0135502109E+03
    7.3125000000E-03    5.0000000000E-02    5.0000000000E-02    1.0168177324E+03
    7.3375000000E-03    5.0000000000E-02    5.0000000000E-02    1.0201000991E+03
    7.3625000000E-03    5.0000000000E-02    5.0000000000E-02    1.0233973782E+03
    7.3875000000E-03    5.0000000000E-02    5.0000000000E-02    1.0267096372E+03
    7.4125000000E-03    5.0000000000E-02    5.0000000000E-02    1.0300369441E+03
    7.4375000000E-03    5.0000000000E-02    5.0000000000E-02    1.0333793670E+03
    7.4625000000E-03    5.0000000000E-02    5.0000000000E-02    1.0367369743E+03
    7.4875000000E-03    5.0000000000E-02    5.0000000000E-02    1.0401098350E+03
    7.5125000000E-03    5.0000000000E-02    5.0000000000E-02    1.0434980182E+03
    7.5375000000E-03    5.0000000000E-02    5.0000000000E-02    1.0469015932E+03
    7.5625000000E-03    5.0000000000E-02    5.0000000000E-02    1.0503206299E+03
    7.5875000000E-03    5.0000000000E-02    5.0000000000E-02    1.0537551983E+03
    7.6125000000E-03    5.0000000000E-02    5.0000000000E-02    1.0572053688E+03
    7.6375000000E-03    5.0000000000E-02    5.0000000000E-02    1.0606712122E+03
    7.6625000000E-03    5.0000000000E-02    5.0000000000E-02    1.0641527996E+03
    7.6875000000E-03    5.0000000000E-02    5.0000000000E-02    1.0676502022E+03
    7.7125000000E-03    5.0000000000E-02    5.0000000000E-02    1.0711634918E+03
    7.7375000000E-03    5.0000000000E-02    5.0000000000E-02    1.0746927405E+03
    7.7625000000E-03    5.0000000000E-02    5.0000000000E-02    1.0782380206E+03
    7.7875000000E-03    5.0000000000E-02    5.0000000000E-02    1.0817994048E+03
    7.8125000000E-03    5.0000000000E-02    5.0000000000E-02    1.0853769661E+03
    7.8375000000E-03    5.0000000000E-02    5.0000000000E-02    1.0889707779E+03
    7.8625000000E-03    5.0000000000E-02    5.0000000000E-02    1.0925809140E+03
    7.8875000000E-03    5.0000000000E-02    5.0000000000E-02    1.0962074482E+03
    7.9125000000E-03    5.0000000000E-02    5.0000000000E-02    1.0998504551E+03
    7.9375000000E-03    5.0000000000E-02    5.0000000000E-02    1.1035100094E+03
    7.9625000000E-03    5.0000000000E-02    5.0000000000E-02    1.1071861860E+03
    7.9875000000E-03    5.0000000000E-02    5.0000000000E-02    1.1108790604E+03
    8.0125000000E-03    5.0000000000E-02    5.0000000000E-02    1.1145887084E+03
    8.0375000000E-03    5.0000000000E-02    5.0000000000E-02    1.1183152060E+03
    8.0625000000E-03    5.0000000000E-02    5.0000000000E-02    1.1220586297E+03
    8.0875000000E-03    5.0000000000E-02    5.0000000000E-02    1.1258190562E+03
    8.1125000000E-03    5.0000000000E-02    5.0000000000E-02    1.1295965628E+03
    8.1375000000E-03    5.0000000000E-02    5.0000000000E-02    1.1333912269E+03
    8.1625000000E-03    5.0000000000E-02    5.0000000000E-02    1.1372031263E+03
    8.1875000000E-03    5.0000000000E-02    5.0000000000E-02    1.1410323393E+03
    8.2125000000E-03    5.0000000000E-02    5.0000000000E-02    1.1448789444E+03
    8.2375000000E-03    5.0000000000E-02    5.0000000000E-02    1.1487430205E+03
    8.2625000000E-03    5.0000000000E-02    5.0000000000E-02    1.1526246470E+03
    8.2875000000E-03    5.0000000000E-02    5.0000000000E-02    1.1565239034E+03
    8.3125000000E-03    5.0000000000E-02    5.0000000000E-02    1.1604408697E+03
    8.3375000000E-03    5.0000000000E-02    5.0000000000E-02    1.1643756264E+03
    8.3625000000E-03    5.0000000000E-02    5.0000000000E-02    1.1683282541E+03
    8.3875000000E-03    5.0000000000E-02    5.0000000000E-02    1.1722988339E+03
    8.4125000000E-03    5.0000000000E-02    5.0000000000E-02    1.1762874475E+03
    8.4375000000E-03    5.0000000000E-02    5.0000000000E-02    1.1802941764E+03
    8.4625000000E-03    5.0000000000E-02    5.0000000000E-02    1.1843191031E+03
    8.4875000000E-03    5.0000000000E-02    5.0000000000E-02    1.1883623100E+03
    8.5125000000E-03    5.0000000000E-02    5.0000000000E-02    1.1924238802E+03
    8.5375000000E-03    5.0000000000E-02    5.0000000000E-02    1.1965038970E+03
    8.5625000000E-03    5.0000000000E-02    5.0000000000E-02    1.2006024441E+03
    8.5875000000E-03    5.0000000000E-02    5.0000000000E-02    1.2047196057E+03
    8.6125000000E-03    5.0000000000E-02    5.0000000000E-02    1.2088554661E+03
    8.6375000000E-03    5.0000000000E-02    5.0000000000E-02    1.2130101104E+03
    8.6625000000E-03    5.0000000000E-02    5.0000000000E-02    1.2171836236E+03
    8.6875000000E-03    5.0000000000E-02    5.0000000000E-02    1.2213760916E+03
    8.7125000000E-03    5.0000000000E-02    5.0000000000E-02    1.2255876004E+03
    8.7375000000E-03    5.0000000000E-02    5.0000000000E-02    1.2298182362E+03
    8.7625000000E-03    5.0000000000E-02    5.0000000000E-02    1.2340680861E+03
    8.7875000000E-03    5.0000000000E-02    5.0000000000E-02    1.2383372372E+03
    8.8125000000E-03    5.0000000000E-02    5.0000000000E-02    1.2426257772E+03
    8.8375000000E-03    5.0000000000E-02    5.0000000000E-02    1.2469337939E+03
    8.8625000000E-03    5.0000000000E-02    5.0000000000E-02    1.2512613759E+03
    8.8875000000E-03    5.0000000000E-02    5.0000000000E-02    1.2556086121E+03
    8.9125000000E-03    5.0000000000E-02    5.0000000000E-02    1.2599755915E+03
    8.9375000000E-03    5.0000000000E-02    5.0000000000E-02    1.2643624038E+03
    8.9625000000E-03    5.0000000000E-02    5.0000000000E-02    1.2687691391E+03
    8.9875000000E-03    5.0000000000E-02    5.0000000000E-02    1.2731958878E+03
    9.0125000000E-03    5.0000000000E-02    5.0000000000E-02    1.2776427407E+03
    9.0375000000E-03    5.0000000000E-02    5.0000000000E-02    1.2821097892E+03
    9.0625000000E-03    5.0000000000E-02    5.0000000000E-02    1.2865971249E+03
    9.0875000000E-03    5.0000000000E-02    5.0000000000E-02    1.2911048400E+03
    9.1125000000E-03    5.0000000000E-02    5.0000000000E-02    1.2956330268E+03
    9.1375000000E-03    5.0000000000E-02    5.0000000000E-02    1.3001817785E+03
    9.1625000000E-03    5.0000000000E-02    5.0000000000E-02    1.3047511883E+03
    9.1875000000E-03    5.0000000000E-02    5.0000000000E-02    1.3093413500E+03
    9.2125000000E-03    5.0000000000E-02    5.0000000000E-02    1.3139523579E+03
    9.2375000000E-03    5.0000000000E-02    5.0000000000E-02    1.3185843066E+03
    9.2625000000E-03    5.0000000000E-02    5.0000000000E-02    1.3232372911E+03
    9.2875000000E-03    5.0000000000E-02    5.0000000000E-02    1.3279114071E+03
    9.3125000000E-03    5.0000000000E-02    5.0000000000E-02    1.3326067503E+03
    9.3375000000E-03    5.0000000000E-02    5.0000000000E-02    1.3373234172E+03
    9.3625000000E-03    5.0000000000E-02    5.0000000000E-02    1.3420615046E+03
    9.3875000000E-03    5.0000000000E-02    5.0000000000E-02    1.3468211098E+03
    9.4125000000E-03    5.0000000000E-02    5.0000000000E-02    1.3516023305E+03
    9.4375000000E-03    5.0000000000E-02    5.0000000000E-02    1.3564052647E+03
    9.4625000000E-03    5.0000000000E-02    5.0000000000E-02    1.3612300111E+03
    9.4875000000E-03    5.0000000000E-02    5.0000000000E-02    1.3660766688E+03
    9.5125000000E-03    5.0000000000E-02    5.0000000000E-02    1.3709453371E+03
    9.5375000000E-03    5.0000000000E-02    5.0000000000E-02    1.3758361161E+03
    9.5625000000E-03    5.0000000000E-02    5.0000000000E-02    1.3807491061E+03
    9.5875000000E-03    5.0000000000E-02    5.0000000000E-02    1.3856844080E+03
    9.6125000000E-03    5.0000000000E-02    5.0000000000E-02    1.3906421231E+03
    9.6375000000E-03    5.0000000000E-02    5.0000000000E-02    1.3956223531E+03
    9.6625000000E-03    5.0000000000E-02    5.0000000000E-02    1.4006252003E+03
    9.6875000000E-03    5.0000000000E-02    5.0000000000E-02    1.4056507674E+03
    9.7125000000E-03    5.0000000000E-02    5.0000000000E-02    1.4106991575E+03
    9.7375000000E-03    5.0000000000E-02    5.0000000000E-02    1.4157704742E+03
    9.7625000000E-03    5.0000000000E-02    5.0000000000E-02    1.4208648218E+03
    9.7875000000E-03    5.0000000000E-02    5.0000000000E-02    1.4259823046E+03
    9.8125000000E-03    5.0000000000E-02    5.0000000000E-02    1.4311230278E+03
    9.8375000000E-03    5.0000000000E-02    5.0000000000E-02    1.4362870970E+03
    9.8625000000E-03    5.0000000000E-02    5.0000000000E-02    1.4414746179E+03
    9.8875000000E-03    5.0000000000E-02    5.0000000000E-02    1.4466856974E+03
    9.9125000000E-03    5.0000000000E-02    5.0000000000E-02    1.4519204424E+03
    9.9375000000E-03    5.0000000000E-02    5.0000000000E-02    1.4571789600E+03
    9.9625000000E-03    5.0000000000E-02    5.0000000000E-02    1.4624613579E+03
    9.9875000000E-03    5.0000000000E-02    5.0000000000E-02    1.4677677431E+03
