theta=91.1 deg :  r      |u|       H=p+q^2/2
     0.5069   1.8077   0.18507
     0.5680   1.7632   0.51359
     0.6399   1.5971   0.50285
     0.7246   1.4664   0.50292
     0.8243   1.3613   0.50281
     0.9415   1.2781   0.50262
     1.3322   1.1407   0.50175
     1.9130   1.0695   0.50158
     4.0081   1.0169   0.50148
theta=68.6 deg :  r      |u|       H=p+q^2/2
     0.5069   1.5903   0.10969
     0.5680   1.6505   0.54333
     0.6399   1.4812   0.49529
     0.7246   1.3753   0.50074
     0.8243   1.2891   0.50068
     0.9415   1.2219   0.50095
     1.3322   1.1119   0.50129
     1.9130   1.0550   0.50141
     4.0081   1.0134   0.50146
theta=136.1 deg :  r      |u|       H=p+q^2/2
     0.5069   1.3345   0.44433
     0.5680   1.2352   0.50108
     0.6399   1.1465   0.50188
     0.7246   1.0864   0.50167
     0.8243   1.0482   0.50164
     0.9415   1.0252   0.50163
     1.3322   1.0026   0.50160
     1.9130   0.9989   0.50155
     4.0081   0.9999   0.50150
