rear ray (j=1, theta~0):  i   r      u        v      Cp_num   Cp_exact(pot)
  0  0.5069  -0.0000   0.0001   0.38885   0.99776
  2  0.5362  -0.0003   0.0002   0.38892   0.98163
  4  0.5680  -0.0006   0.0002   0.38910   0.94815
  6  0.6025  -0.0009   0.0001   0.38947   0.90204
  8  0.6399  -0.0002  -0.0005   0.39038   0.84732
 10  0.6805   0.0038  -0.0020   0.39243   0.78733
 12  0.7246   0.0162  -0.0053   0.39712   0.72474
 14  0.7724   0.0436  -0.0107   0.40616   0.66169
 16  0.8243   0.0925  -0.0179   0.41983   0.59978
 18  0.8805   0.1652  -0.0251   0.43417   0.54023
 20  0.9415   0.2571  -0.0302   0.44162   0.48386
 22  1.0077   0.3573  -0.0318   0.43506   0.43121
 24  1.0793   0.4565  -0.0308   0.41281   0.38258
