 TITLE = "Solid temperature field"
 VARIABLES = "x" "y" "z" "Ts"
 ZONE I=         400  J=           1  K=           1  DATAPACKING=POINT
    1.2500000000E-05    5.0000000000E-02    5.0000000000E-02    4.6574151052E+02
    3.7500000000E-05    5.0000000000E-02    5.0000000000E-02    4.6577719691E+02
    6.2500000000E-05    5.0000000000E-02    5.0000000000E-02    4.6583417573E+02
    8.7500000000E-05    5.0000000000E-02    5.0000000000E-02    4.6591193858E+02
    1.1250000000E-04    5.0000000000E-02    5.0000000000E-02    4.6600999208E+02
    1.3750000000E-04    5.0000000000E-02    5.0000000000E-02    4.6612785745E+02
    1.6250000000E-04    5.0000000000E-02    5.0000000000E-02    4.6626507007E+02
    1.8750000000E-04    5.0000000000E-02    5.0000000000E-02    4.6642117910E+02
    2.1250000000E-04    5.0000000000E-02    5.0000000000E-02    4.6659574709E+02
    2.3750000000E-04    5.0000000000E-02    5.0000000000E-02    4.6678834956E+02
    2.6250000000E-04    5.0000000000E-02    5.0000000000E-02    4.6699857468E+02
    2.8750000000E-04    5.0000000000E-02    5.0000000000E-02    4.6722602288E+02
    3.1250000000E-04    5.0000000000E-02    5.0000000000E-02    4.6747030651E+02
    3.3750000000E-04    5.0000000000E-02    5.0000000000E-02    4.6773104950E+02
    3.6250000000E-04    5.0000000000E-02    5.0000000000E-02    4.6800788703E+02
    3.8750000000E-04    5.0000000000E-02    5.0000000000E-02    4.6830046521E+02
    4.1250000000E-04    5.0000000000E-02    5.0000000000E-02    4.6860844078E+02
    4.3750000000E-04    5.0000000000E-02    5.0000000000E-02    4.6893148078E+02
    4.6250000000E-04    5.0000000000E-02    5.0000000000E-02    4.6926926228E+02
    4.8750000000E-04    5.0000000000E-02    5.0000000000E-02    4.6962147210E+02
    5.1250000000E-04    5.0000000000E-02    5.0000000000E-02    4.6998780651E+02
    5.3750000000E-04    5.0000000000E-02    5.0000000000E-02    4.7036797099E+02
    5.6250000000E-04    5.0000000000E-02    5.0000000000E-02    4.7076167994E+02
    5.8750000000E-04    5.0000000000E-02    5.0000000000E-02    4.7116865643E+02
    6.1250000000E-04    5.0000000000E-02    5.0000000000E-02    4.7158863200E+02
    6.3750000000E-04    5.0000000000E-02    5.0000000000E-02    4.7202134635E+02
    6.6250000000E-04    5.0000000000E-02    5.0000000000E-02    4.7246654714E+02
    6.8750000000E-04    5.0000000000E-02    5.0000000000E-02    4.7292398980E+02
    7.1250000000E-04    5.0000000000E-02    5.0000000000E-02    4.7339343725E+02
    7.3750000000E-04    5.0000000000E-02    5.0000000000E-02    4.7387465972E+02
    7.6250000000E-04    5.0000000000E-02    5.0000000000E-02    4.7436743453E+02
    7.8750000000E-04    5.0000000000E-02    5.0000000000E-02    4.7487154592E+02
    8.1250000000E-04    5.0000000000E-02    5.0000000000E-02    4.7538678480E+02
    8.3750000000E-04    5.0000000000E-02    5.0000000000E-02    4.7591294861E+02
    8.6250000000E-04    5.0000000000E-02    5.0000000000E-02    4.7644984113E+02
    8.8750000000E-04    5.0000000000E-02    5.0000000000E-02    4.7699727225E+02
    9.1250000000E-04    5.0000000000E-02    5.0000000000E-02    4.7755505787E+02
    9.3750000000E-04    5.0000000000E-02    5.0000000000E-02    4.7812301970E+02
    9.6250000000E-04    5.0000000000E-02    5.0000000000E-02    4.7870098505E+02
    9.8750000000E-04    5.0000000000E-02    5.0000000000E-02    4.7928878676E+02
    1.0125000000E-03    5.0000000000E-02    5.0000000000E-02    4.7988626298E+02
    1.0375000000E-03    5.0000000000E-02    5.0000000000E-02    4.8049325703E+02
    1.0625000000E-03    5.0000000000E-02    5.0000000000E-02    4.8110961727E+02
    1.0875000000E-03    5.0000000000E-02    5.0000000000E-02    4.8173519697E+02
    1.1125000000E-03    5.0000000000E-02    5.0000000000E-02    4.8236985413E+02
    1.1375000000E-03    5.0000000000E-02    5.0000000000E-02    4.8301345137E+02
    1.1625000000E-03    5.0000000000E-02    5.0000000000E-02    4.8366585582E+02
    1.1875000000E-03    5.0000000000E-02    5.0000000000E-02    4.8432693895E+02
    1.2125000000E-03    5.0000000000E-02    5.0000000000E-02    4.8499657649E+02
    1.2375000000E-03    5.0000000000E-02    5.0000000000E-02    4.8567464828E+02
    1.2625000000E-03    5.0000000000E-02    5.0000000000E-02    4.8636103818E+02
    1.2875000000E-03    5.0000000000E-02    5.0000000000E-02    4.8705563395E+02
    1.3125000000E-03    5.0000000000E-02    5.0000000000E-02    4.8775832711E+02
    1.3375000000E-03    5.0000000000E-02    5.0000000000E-02    4.8846901287E+02
    1.3625000000E-03    5.0000000000E-02    5.0000000000E-02    4.8918759005E+02
    1.3875000000E-03    5.0000000000E-02    5.0000000000E-02    4.8991396090E+02
    1.4125000000E-03    5.0000000000E-02    5.0000000000E-02    4.9064803108E+02
    1.4375000000E-03    5.0000000000E-02    5.0000000000E-02    4.9138970953E+02
    1.4625000000E-03    5.0000000000E-02    5.0000000000E-02    4.9213890838E+02
    1.4875000000E-03    5.0000000000E-02    5.0000000000E-02    4.9289554288E+02
    1.5125000000E-03    5.0000000000E-02    5.0000000000E-02    4.9365953128E+02
    1.5375000000E-03    5.0000000000E-02    5.0000000000E-02    4.9443079479E+02
    1.5625000000E-03    5.0000000000E-02    5.0000000000E-02    4.9520925745E+02
    1.5875000000E-03    5.0000000000E-02    5.0000000000E-02    4.9599484609E+02
    1.6125000000E-03    5.0000000000E-02    5.0000000000E-02    4.9678749025E+02
    1.6375000000E-03    5.0000000000E-02    5.0000000000E-02    4.9758712207E+02
    1.6625000000E-03    5.0000000000E-02    5.0000000000E-02    4.9839367626E+02
    1.6875000000E-03    5.0000000000E-02    5.0000000000E-02    4.9920709000E+02
    1.7125000000E-03    5.0000000000E-02    5.0000000000E-02    5.0002730290E+02
    1.7375000000E-03    5.0000000000E-02    5.0000000000E-02    5.0085425690E+02
    1.7625000000E-03    5.0000000000E-02    5.0000000000E-02    5.0168789623E+02
    1.7875000000E-03    5.0000000000E-02    5.0000000000E-02    5.0252816735E+02
    1.8125000000E-03    5.0000000000E-02    5.0000000000E-02    5.0337501886E+02
    1.8375000000E-03    5.0000000000E-02    5.0000000000E-02    5.0422840148E+02
    1.8625000000E-03    5.0000000000E-02    5.0000000000E-02    5.0508826795E+02
    1.8875000000E-03    5.0000000000E-02    5.0000000000E-02    5.0595457302E+02
    1.9125000000E-03    5.0000000000E-02    5.0000000000E-02    5.0682727337E+02
    1.9375000000E-03    5.0000000000E-02    5.0000000000E-02    5.0770632755E+02
    1.9625000000E-03    5.0000000000E-02    5.0000000000E-02    5.0859169595E+02
    1.9875000000E-03    5.0000000000E-02    5.0000000000E-02    5.0948334073E+02
    2.0125000000E-03    5.0000000000E-02    5.0000000000E-02    5.1038122580E+02
    2.0375000000E-03    5.0000000000E-02    5.0000000000E-02    5.1128531674E+02
    2.0625000000E-03    5.0000000000E-02    5.0000000000E-02    5.1219558078E+02
    2.0875000000E-03    5.0000000000E-02    5.0000000000E-02    5.1311198673E+02
    2.1125000000E-03    5.0000000000E-02    5.0000000000E-02    5.1403450499E+02
    2.1375000000E-03    5.0000000000E-02    5.0000000000E-02    5.1496310744E+02
    2.1625000000E-03    5.0000000000E-02    5.0000000000E-02    5.1589776743E+02
    2.1875000000E-03    5.0000000000E-02    5.0000000000E-02    5.1683845977E+02
    2.2125000000E-03    5.0000000000E-02    5.0000000000E-02    5.1778516064E+02
    2.2375000000E-03    5.0000000000E-02    5.0000000000E-02    5.1873784759E+02
    2.2625000000E-03    5.0000000000E-02    5.0000000000E-02    5.1969649950E+02
    2.2875000000E-03    5.0000000000E-02    5.0000000000E-02    5.2066109651E+02
    2.3125000000E-03    5.0000000000E-02    5.0000000000E-02    5.2163162004E+02
    2.3375000000E-03    5.0000000000E-02    5.0000000000E-02    5.2260805273E+02
    2.3625000000E-03    5.0000000000E-02    5.0000000000E-02    5.2359037839E+02
    2.3875000000E-03    5.0000000000E-02    5.0000000000E-02    5.2457858200E+02
    2.4125000000E-03    5.0000000000E-02    5.0000000000E-02    5.2557264968E+02
    2.4375000000E-03    5.0000000000E-02    5.0000000000E-02    5.2657256862E+02
    2.4625000000E-03    5.0000000000E-02    5.0000000000E-02    5.2757832711E+02
    2.4875000000E-03    5.0000000000E-02    5.0000000000E-02    5.2858991446E+02
    2.5125000000E-03    5.0000000000E-02    5.0000000000E-02    5.2960732102E+02
    2.5375000000E-03    5.0000000000E-02    5.0000000000E-02    5.3063053812E+02
    2.5625000000E-03    5.0000000000E-02    5.0000000000E-02    5.3165955804E+02
    2.5875000000E-03    5.0000000000E-02    5.0000000000E-02    5.3269437402E+02
    2.6125000000E-03    5.0000000000E-02    5.0000000000E-02    5.3373498021E+02
    2.6375000000E-03    5.0000000000E-02    5.0000000000E-02    5.3478137167E+02
    2.6625000000E-03    5.0000000000E-02    5.0000000000E-02    5.3583354431E+02
    2.6875000000E-03    5.0000000000E-02    5.0000000000E-02    5.3689149490E+02
    2.7125000000E-03    5.0000000000E-02    5.0000000000E-02    5.3795522105E+02
    2.7375000000E-03    5.0000000000E-02    5.0000000000E-02    5.3902472115E+02
    2.7625000000E-03    5.0000000000E-02    5.0000000000E-02    5.4009999442E+02
    2.7875000000E-03    5.0000000000E-02    5.0000000000E-02    5.4118104081E+02
    2.8125000000E-03    5.0000000000E-02    5.0000000000E-02    5.4226786104E+02
    2.8375000000E-03    5.0000000000E-02    5.0000000000E-02    5.4336045658E+02
    2.8625000000E-03    5.0000000000E-02    5.0000000000E-02    5.4445882959E+02
    2.8875000000E-03    5.0000000000E-02    5.0000000000E-02    5.4556298294E+02
    2.9125000000E-03    5.0000000000E-02    5.0000000000E-02    5.4667292017E+02
    2.9375000000E-03    5.0000000000E-02    5.0000000000E-02    5.4778864551E+02
    2.9625000000E-03    5.0000000000E-02    5.0000000000E-02    5.4891016382E+02
    2.9875000000E-03    5.0000000000E-02    5.0000000000E-02    5.5003748060E+02
    3.0125000000E-03    5.0000000000E-02    5.0000000000E-02    5.5117060197E+02
    3.0375000000E-03    5.0000000000E-02    5.0000000000E-02    5.5230953467E+02
    3.0625000000E-03    5.0000000000E-02    5.0000000000E-02    5.5345428601E+02
    3.0875000000E-03    5.0000000000E-02    5.0000000000E-02    5.5460486390E+02
    3.1125000000E-03    5.0000000000E-02    5.0000000000E-02    5.5576127681E+02
    3.1375000000E-03    5.0000000000E-02    5.0000000000E-02    5.5692353375E+02
    3.1625000000E-03    5.0000000000E-02    5.0000000000E-02    5.5809164428E+02
    3.1875000000E-03    5.0000000000E-02    5.0000000000E-02    5.5926561851E+02
    3.2125000000E-03    5.0000000000E-02    5.0000000000E-02    5.6044546703E+02
    3.2375000000E-03    5.0000000000E-02    5.0000000000E-02    5.6163120097E+02
    3.2625000000E-03    5.0000000000E-02    5.0000000000E-02    5.6282283194E+02
    3.2875000000E-03    5.0000000000E-02    5.0000000000E-02    5.6402037203E+02
    3.3125000000E-03    5.0000000000E-02    5.0000000000E-02    5.6522383383E+02
    3.3375000000E-03    5.0000000000E-02    5.0000000000E-02    5.6643323036E+02
    3.3625000000E-03    5.0000000000E-02    5.0000000000E-02    5.6764857513E+02
    3.3875000000E-03    5.0000000000E-02    5.0000000000E-02    5.6886988207E+02
    3.4125000000E-03    5.0000000000E-02    5.0000000000E-02    5.7009716556E+02
    3.4375000000E-03    5.0000000000E-02    5.0000000000E-02    5.7133044042E+02
    3.4625000000E-03    5.0000000000E-02    5.0000000000E-02    5.7256972187E+02
    3.4875000000E-03    5.0000000000E-02    5.0000000000E-02    5.7381502555E+02
    3.5125000000E-03    5.0000000000E-02    5.0000000000E-02    5.7506636750E+02
    3.5375000000E-03    5.0000000000E-02    5.0000000000E-02    5.7632376417E+02
    3.5625000000E-03    5.0000000000E-02    5.0000000000E-02    5.7758723238E+02
    3.5875000000E-03    5.0000000000E-02    5.0000000000E-02    5.7885678935E+02
    3.6125000000E-03    5.0000000000E-02    5.0000000000E-02    5.8013245267E+02
    3.6375000000E-03    5.0000000000E-02    5.0000000000E-02    5.8141424028E+02
    3.6625000000E-03    5.0000000000E-02    5.0000000000E-02    5.8270217051E+02
    3.6875000000E-03    5.0000000000E-02    5.0000000000E-02    5.8399626202E+02
    3.7125000000E-03    5.0000000000E-02    5.0000000000E-02    5.8529653384E+02
    3.7375000000E-03    5.0000000000E-02    5.0000000000E-02    5.8660300533E+02
    3.7625000000E-03    5.0000000000E-02    5.0000000000E-02    5.8791569618E+02
    3.7875000000E-03    5.0000000000E-02    5.0000000000E-02    5.8923462644E+02
    3.8125000000E-03    5.0000000000E-02    5.0000000000E-02    5.9055981645E+02
    3.8375000000E-03    5.0000000000E-02    5.0000000000E-02    5.9189128690E+02
    3.8625000000E-03    5.0000000000E-02    5.0000000000E-02    5.9322905878E+02
    3.8875000000E-03    5.0000000000E-02    5.0000000000E-02    5.9457315340E+02
    3.9125000000E-03    5.0000000000E-02    5.0000000000E-02    5.9592359236E+02
    3.9375000000E-03    5.0000000000E-02    5.0000000000E-02    5.9728039758E+02
    3.9625000000E-03    5.0000000000E-02    5.0000000000E-02    5.9864359127E+02
    3.9875000000E-03    5.0000000000E-02    5.0000000000E-02    6.0001319592E+02
    4.0125000000E-03    5.0000000000E-02    5.0000000000E-02    6.0138923434E+02
    4.0375000000E-03    5.0000000000E-02    5.0000000000E-02    6.0277172960E+02
    4.0625000000E-03    5.0000000000E-02    5.0000000000E-02    6.0416070504E+02
    4.0875000000E-03    5.0000000000E-02    5.0000000000E-02    6.0555618431E+02
    4.1125000000E-03    5.0000000000E-02    5.0000000000E-02    6.0695819131E+02
    4.1375000000E-03    5.0000000000E-02    5.0000000000E-02    6.0836675022E+02
    4.1625000000E-03    5.0000000000E-02    5.0000000000E-02    6.0978188547E+02
    4.1875000000E-03    5.0000000000E-02    5.0000000000E-02    6.1120362178E+02
    4.2125000000E-03    5.0000000000E-02    5.0000000000E-02    6.1263198410E+02
    4.2375000000E-03    5.0000000000E-02    5.0000000000E-02    6.1406699766E+02
    4.2625000000E-03    5.0000000000E-02    5.0000000000E-02    6.1550868794E+02
    4.2875000000E-03    5.0000000000E-02    5.0000000000E-02    6.1695708066E+02
    4.3125000000E-03    5.0000000000E-02    5.0000000000E-02    6.1841220180E+02
    4.3375000000E-03    5.0000000000E-02    5.0000000000E-02    6.1987407757E+02
    4.3625000000E-03    5.0000000000E-02    5.0000000000E-02    6.2134273444E+02
    4.3875000000E-03    5.0000000000E-02    5.0000000000E-02    6.2281819912E+02
    4.4125000000E-03    5.0000000000E-02    5.0000000000E-02    6.2430049855E+02
    4.4375000000E-03    5.0000000000E-02    5.0000000000E-02    6.2578965991E+02
    4.4625000000E-03    5.0000000000E-02    5.0000000000E-02    6.2728571060E+02
    4.4875000000E-03    5.0000000000E-02    5.0000000000E-02    6.2878867828E+02
    4.5125000000E-03    5.0000000000E-02    5.0000000000E-02    6.3029859082E+02
    4.5375000000E-03    5.0000000000E-02    5.0000000000E-02    6.3181547632E+02
    4.5625000000E-03    5.0000000000E-02    5.0000000000E-02    6.3333936310E+02
    4.5875000000E-03    5.0000000000E-02    5.0000000000E-02    6.3487027973E+02
    4.6125000000E-03    5.0000000000E-02    5.0000000000E-02    6.3640825498E+02
    4.6375000000E-03    5.0000000000E-02    5.0000000000E-02    6.3795331784E+02
    4.6625000000E-03    5.0000000000E-02    5.0000000000E-02    6.3950549752E+02
    4.6875000000E-03    5.0000000000E-02    5.0000000000E-02    6.4106482346E+02
    4.7125000000E-03    5.0000000000E-02    5.0000000000E-02    6.4263132531E+02
    4.7375000000E-03    5.0000000000E-02    5.0000000000E-02    6.4420503293E+02
    4.7625000000E-03    5.0000000000E-02    5.0000000000E-02    6.4578597640E+02
    4.7875000000E-03    5.0000000000E-02    5.0000000000E-02    6.4737418600E+02
    4.8125000000E-03    5.0000000000E-02    5.0000000000E-02    6.4896969224E+02
    4.8375000000E-03    5.0000000000E-02    5.0000000000E-02    6.5057252583E+02
    4.8625000000E-03    5.0000000000E-02    5.0000000000E-02    6.5218271769E+02
    4.8875000000E-03    5.0000000000E-02    5.0000000000E-02    6.5380029895E+02
    4.9125000000E-03    5.0000000000E-02    5.0000000000E-02    6.5542530093E+02
    4.9375000000E-03    5.0000000000E-02    5.0000000000E-02    6.5705775518E+02
    4.9625000000E-03    5.0000000000E-02    5.0000000000E-02    6.5869769344E+02
    4.9875000000E-03    5.0000000000E-02    5.0000000000E-02    6.6034514767E+02
    5.0125000000E-03    5.0000000000E-02    5.0000000000E-02    6.6200015001E+02
    5.0375000000E-03    5.0000000000E-02    5.0000000000E-02    6.6366273282E+02
    5.0625000000E-03    5.0000000000E-02    5.0000000000E-02    6.6533292865E+02
    5.0875000000E-03    5.0000000000E-02    5.0000000000E-02    6.6701077027E+02
    5.1125000000E-03    5.0000000000E-02    5.0000000000E-02    6.6869629064E+02
    5.1375000000E-03    5.0000000000E-02    5.0000000000E-02    6.7038952290E+02
    5.1625000000E-03    5.0000000000E-02    5.0000000000E-02    6.7209050043E+02
    5.1875000000E-03    5.0000000000E-02    5.0000000000E-02    6.7379925678E+02
    5.2125000000E-03    5.0000000000E-02    5.0000000000E-02    6.7551582570E+02
    5.2375000000E-03    5.0000000000E-02    5.0000000000E-02    6.7724024115E+02
    5.2625000000E-03    5.0000000000E-02    5.0000000000E-02    6.7897253728E+02
    5.2875000000E-03    5.0000000000E-02    5.0000000000E-02    6.8071274844E+02
    5.3125000000E-03    5.0000000000E-02    5.0000000000E-02    6.8246090917E+02
    5.3375000000E-03    5.0000000000E-02    5.0000000000E-02    6.8421705423E+02
    5.3625000000E-03    5.0000000000E-02    5.0000000000E-02    6.8598121854E+02
    5.3875000000E-03    5.0000000000E-02    5.0000000000E-02    6.8775343726E+02
    5.4125000000E-03    5.0000000000E-02    5.0000000000E-02    6.8953374570E+02
    5.4375000000E-03    5.0000000000E-02    5.0000000000E-02    6.9132217940E+02
    5.4625000000E-03    5.0000000000E-02    5.0000000000E-02    6.9311877408E+02
    5.4875000000E-03    5.0000000000E-02    5.0000000000E-02    6.9492356566E+02
    5.5125000000E-03    5.0000000000E-02    5.0000000000E-02    6.9673659027E+02
    5.5375000000E-03    5.0000000000E-02    5.0000000000E-02    6.9855788420E+02
    5.5625000000E-03    5.0000000000E-02    5.0000000000E-02    7.0038748396E+02
    5.5875000000E-03    5.0000000000E-02    5.0000000000E-02    7.0222542627E+02
    5.6125000000E-03    5.0000000000E-02    5.0000000000E-02    7.0407174802E+02
    5.6375000000E-03    5.0000000000E-02    5.0000000000E-02    7.0592648630E+02
    5.6625000000E-03    5.0000000000E-02    5.0000000000E-02    7.0778967840E+02
    5.6875000000E-03    5.0000000000E-02    5.0000000000E-02    7.0966136181E+02
    5.7125000000E-03    5.0000000000E-02    5.0000000000E-02    7.1154157421E+02
    5.7375000000E-03    5.0000000000E-02    5.0000000000E-02    7.1343035349E+02
    5.7625000000E-03    5.0000000000E-02    5.0000000000E-02    7.1532773770E+02
    5.7875000000E-03    5.0000000000E-02    5.0000000000E-02    7.1723376513E+02
    5.8125000000E-03    5.0000000000E-02    5.0000000000E-02    7.1914847425E+02
    5.8375000000E-03    5.0000000000E-02    5.0000000000E-02    7.2107190372E+02
    5.8625000000E-03    5.0000000000E-02    5.0000000000E-02    7.2300409239E+02
    5.8875000000E-03    5.0000000000E-02    5.0000000000E-02    7.2494507934E+02
    5.9125000000E-03    5.0000000000E-02    5.0000000000E-02    7.2689490382E+02
    5.9375000000E-03    5.0000000000E-02    5.0000000000E-02    7.2885360528E+02
    5.9625000000E-03    5.0000000000E-02    5.0000000000E-02    7.3082122339E+02
    5.9875000000E-03    5.0000000000E-02    5.0000000000E-02    7.3279779799E+02
    6.0125000000E-03    5.0000000000E-02    5.0000000000E-02    7.3478336913E+02
    6.0375000000E-03    5.0000000000E-02    5.0000000000E-02    7.3677797707E+02
    6.0625000000E-03    5.0000000000E-02    5.0000000000E-02    7.3878166227E+02
    6.0875000000E-03    5.0000000000E-02    5.0000000000E-02    7.4079446536E+02
    6.1125000000E-03    5.0000000000E-02    5.0000000000E-02    7.4281642722E+02
    6.1375000000E-03    5.0000000000E-02    5.0000000000E-02    7.4484758888E+02
    6.1625000000E-03    5.0000000000E-02    5.0000000000E-02    7.4688799161E+02
    6.1875000000E-03    5.0000000000E-02    5.0000000000E-02    7.4893767687E+02
    6.2125000000E-03    5.0000000000E-02    5.0000000000E-02    7.5099668632E+02
    6.2375000000E-03    5.0000000000E-02    5.0000000000E-02    7.5306506182E+02
    6.2625000000E-03    5.0000000000E-02    5.0000000000E-02    7.5514284544E+02
    6.2875000000E-03    5.0000000000E-02    5.0000000000E-02    7.5723007945E+02
    6.3125000000E-03    5.0000000000E-02    5.0000000000E-02    7.5932680633E+02
    6.3375000000E-03    5.0000000000E-02    5.0000000000E-02    7.6143306877E+02
    6.3625000000E-03    5.0000000000E-02    5.0000000000E-02    7.6354890965E+02
    6.3875000000E-03    5.0000000000E-02    5.0000000000E-02    7.6567437207E+02
    6.4125000000E-03    5.0000000000E-02    5.0000000000E-02    7.6780949933E+02
    6.4375000000E-03    5.0000000000E-02    5.0000000000E-02    7.6995433494E+02
    6.4625000000E-03    5.0000000000E-02    5.0000000000E-02    7.7210892262E+02
    6.4875000000E-03    5.0000000000E-02    5.0000000000E-02    7.7427330629E+02
    6.5125000000E-03    5.0000000000E-02    5.0000000000E-02    7.7644753010E+02
    6.5375000000E-03    5.0000000000E-02    5.0000000000E-02    7.7863163840E+02
    6.5625000000E-03    5.0000000000E-02    5.0000000000E-02    7.8082567573E+02
    6.5875000000E-03    5.0000000000E-02    5.0000000000E-02    7.8302968687E+02
    6.6125000000E-03    5.0000000000E-02    5.0000000000E-02    7.8524371681E+02
    6.6375000000E-03    5.0000000000E-02    5.0000000000E-02    7.8746781074E+02
    6.6625000000E-03    5.0000000000E-02    5.0000000000E-02    7.8970201407E+02
    6.6875000000E-03    5.0000000000E-02    5.0000000000E-02    7.9194637242E+02
    6.7125000000E-03    5.0000000000E-02    5.0000000000E-02    7.9420093164E+02
    6.7375000000E-03    5.0000000000E-02    5.0000000000E-02    7.9646573777E+02
    6.7625000000E-03    5.0000000000E-02    5.0000000000E-02    7.9874083709E+02
    6.7875000000E-03    5.0000000000E-02    5.0000000000E-02    8.0102627610E+02
    6.8125000000E-03    5.0000000000E-02    5.0000000000E-02    8.0332210149E+02
    6.8375000000E-03    5.0000000000E-02    5.0000000000E-02    8.0562836020E+02
    6.8625000000E-03    5.0000000000E-02    5.0000000000E-02    8.0794509937E+02
    6.8875000000E-03    5.0000000000E-02    5.0000000000E-02    8.1027236638E+02
    6.9125000000E-03    5.0000000000E-02    5.0000000000E-02    8.1261020880E+02
    6.9375000000E-03    5.0000000000E-02    5.0000000000E-02    8.1495867445E+02
    6.9625000000E-03    5.0000000000E-02    5.0000000000E-02    8.1731781137E+02
    6.9875000000E-03    5.0000000000E-02    5.0000000000E-02    8.1968766781E+02
    7.0125000000E-03    5.0000000000E-02    5.0000000000E-02    8.2206829227E+02
    7.0375000000E-03    5.0000000000E-02    5.0000000000E-02    8.2445973344E+02
    7.0625000000E-03    5.0000000000E-02    5.0000000000E-02    8.2686204026E+02
    7.0875000000E-03    5.0000000000E-02    5.0000000000E-02    8.2927526190E+02
    7.1125000000E-03    5.0000000000E-02    5.0000000000E-02    8.3169944774E+02
    7.1375000000E-03    5.0000000000E-02    5.0000000000E-02    8.3413464742E+02
    7.1625000000E-03    5.0000000000E-02    5.0000000000E-02    8.3658091077E+02
    7.1875000000E-03    5.0000000000E-02    5.0000000000E-02    8.3903828789E+02
    7.2125000000E-03    5.0000000000E-02    5.0000000000E-02    8.4150682908E+02
    7.2375000000E-03    5.0000000000E-02    5.0000000000E-02    8.4398658490E+02
    7.2625000000E-03    5.0000000000E-02    5.0000000000E-02    8.4647760612E+02
    7.2875000000E-03    5.0000000000E-02    5.0000000000E-02    8.4897994375E+02
    7.3125000000E-03    5.0000000000E-02    5.0000000000E-02    8.5149364906E+02
    7.3375000000E-03    5.0000000000E-02    5.0000000000E-02    8.5401877352E+02
    7.3625000000E-03    5.0000000000E-02    5.0000000000E-02    8.5655536886E+02
    7.3875000000E-03    5.0000000000E-02    5.0000000000E-02    8.5910348705E+02
    7.4125000000E-03    5.0000000000E-02    5.0000000000E-02    8.6166318029E+02
    7.4375000000E-03    5.0000000000E-02    5.0000000000E-02    8.6423450102E+02
    7.4625000000E-03    5.0000000000E-02    5.0000000000E-02    8.6681750193E+02
    7.4875000000E-03    5.0000000000E-02    5.0000000000E-02    8.6941223594E+02
    7.5125000000E-03    5.0000000000E-02    5.0000000000E-02    8.7201875623E+02
    7.5375000000E-03    5.0000000000E-02    5.0000000000E-02    8.7463711622E+02
    7.5625000000E-03    5.0000000000E-02    5.0000000000E-02    8.7726736956E+02
    7.5875000000E-03    5.0000000000E-02    5.0000000000E-02    8.7990957017E+02
    7.6125000000E-03    5.0000000000E-02    5.0000000000E-02    8.8256377219E+02
    7.6375000000E-03    5.0000000000E-02    5.0000000000E-02    8.8523003004E+02
    7.6625000000E-03    5.0000000000E-02    5.0000000000E-02    8.8790839836E+02
    7.6875000000E-03    5.0000000000E-02    5.0000000000E-02    8.9059893207E+02
    7.7125000000E-03    5.0000000000E-02    5.0000000000E-02    8.9330168632E+02
    7.7375000000E-03    5.0000000000E-02    5.0000000000E-02    8.9601671651E+02
    7.7625000000E-03    5.0000000000E-02    5.0000000000E-02    8.9874407832E+02
    7.7875000000E-03    5.0000000000E-02    5.0000000000E-02    9.0148382767E+02
    7.8125000000E-03    5.0000000000E-02    5.0000000000E-02    9.0423602072E+02
    7.8375000000E-03    5.0000000000E-02    5.0000000000E-02    9.0700071391E+02
    7.8625000000E-03    5.0000000000E-02    5.0000000000E-02    9.0977796392E+02
    7.8875000000E-03    5.0000000000E-02    5.0000000000E-02    9.1256782772E+02
    7.9125000000E-03    5.0000000000E-02    5.0000000000E-02    9.1537036251E+02
    7.9375000000E-03    5.0000000000E-02    5.0000000000E-02    9.1818562577E+02
    7.9625000000E-03    5.0000000000E-02    5.0000000000E-02    9.2101367522E+02
    7.9875000000E-03    5.0000000000E-02    5.0000000000E-02    9.2385456887E+02
    8.0125000000E-03    5.0000000000E-02    5.0000000000E-02    9.2670836499E+02
    8.0375000000E-03    5.0000000000E-02    5.0000000000E-02    9.2957512210E+02
    8.0625000000E-03    5.0000000000E-02    5.0000000000E-02    9.3245489900E+02
    8.0875000000E-03    5.0000000000E-02    5.0000000000E-02    9.3534775476E+02
    8.1125000000E-03    5.0000000000E-02    5.0000000000E-02    9.3825374871E+02
    8.1375000000E-03    5.0000000000E-02    5.0000000000E-02    9.4117294047E+02
    8.1625000000E-03    5.0000000000E-02    5.0000000000E-02    9.4410538992E+02
    8.1875000000E-03    5.0000000000E-02    5.0000000000E-02    9.4705115720E+02
    8.2125000000E-03    5.0000000000E-02    5.0000000000E-02    9.5001030274E+02
    8.2375000000E-03    5.0000000000E-02    5.0000000000E-02    9.5298288726E+02
    8.2625000000E-03    5.0000000000E-02    5.0000000000E-02    9.5596897172E+02
    8.2875000000E-03    5.0000000000E-02    5.0000000000E-02    9.5896861739E+02
    8.3125000000E-03    5.0000000000E-02    5.0000000000E-02    9.6198188581E+02
    8.3375000000E-03    5.0000000000E-02    5.0000000000E-02    9.6500883880E+02
    8.3625000000E-03    5.0000000000E-02    5.0000000000E-02    9.6804953845E+02
    8.3875000000E-03    5.0000000000E-02    5.0000000000E-02    9.7110404715E+02
    8.4125000000E-03    5.0000000000E-02    5.0000000000E-02    9.7417242757E+02
    8.4375000000E-03    5.0000000000E-02    5.0000000000E-02    9.7725474267E+02
    8.4625000000E-03    5.0000000000E-02    5.0000000000E-02    9.8035105568E+02
    8.4875000000E-03    5.0000000000E-02    5.0000000000E-02    9.8346143013E+02
    8.5125000000E-03    5.0000000000E-02    5.0000000000E-02    9.8658592984E+02
    8.5375000000E-03    5.0000000000E-02    5.0000000000E-02    9.8972461893E+02
    8.5625000000E-03    5.0000000000E-02    5.0000000000E-02    9.9287756178E+02
    8.5875000000E-03    5.0000000000E-02    5.0000000000E-02    9.9604482311E+02
    8.6125000000E-03    5.0000000000E-02    5.0000000000E-02    9.9922646789E+02
    8.6375000000E-03    5.0000000000E-02    5.0000000000E-02    1.0024225614E+03
    8.6625000000E-03    5.0000000000E-02    5.0000000000E-02    1.0056331693E+03
    8.6875000000E-03    5.0000000000E-02    5.0000000000E-02    1.0088583573E+03
    8.7125000000E-03    5.0000000000E-02    5.0000000000E-02    1.0120981918E+03
    8.7375000000E-03    5.0000000000E-02    5.0000000000E-02    1.0153527391E+03
    8.7625000000E-03    5.0000000000E-02    5.0000000000E-02    1.0186220661E+03
    8.7875000000E-03    5.0000000000E-02    5.0000000000E-02    1.0219062398E+03
    8.8125000000E-03    5.0000000000E-02    5.0000000000E-02    1.0252053277E+03
    8.8375000000E-03    5.0000000000E-02    5.0000000000E-02    1.0285193974E+03
    8.8625000000E-03    5.0000000000E-02    5.0000000000E-02    1.0318485169E+03
    8.8875000000E-03    5.0000000000E-02    5.0000000000E-02    1.0351927547E+03
    8.9125000000E-03    5.0000000000E-02    5.0000000000E-02    1.0385521792E+03
    8.9375000000E-03    5.0000000000E-02    5.0000000000E-02    1.0419268595E+03
    8.9625000000E-03    5.0000000000E-02    5.0000000000E-02    1.0453168648E+03
    8.9875000000E-03    5.0000000000E-02    5.0000000000E-02    1.0487222646E+03
    9.0125000000E-03    5.0000000000E-02    5.0000000000E-02    1.0521431289E+03
    9.0375000000E-03    5.0000000000E-02    5.0000000000E-02    1.0555795279E+03
    9.0625000000E-03    5.0000000000E-02    5.0000000000E-02    1.0590315320E+03
    9.0875000000E-03    5.0000000000E-02    5.0000000000E-02    1.0624992122E+03
    9.1125000000E-03    5.0000000000E-02    5.0000000000E-02    1.0659826396E+03
    9.1375000000E-03    5.0000000000E-02    5.0000000000E-02    1.0694818857E+03
    9.1625000000E-03    5.0000000000E-02    5.0000000000E-02    1.0729970222E+03
    9.1875000000E-03    5.0000000000E-02    5.0000000000E-02    1.0765281215E+03
    9.2125000000E-03    5.0000000000E-02    5.0000000000E-02    1.0800752558E+03
    9.2375000000E-03    5.0000000000E-02    5.0000000000E-02    1.0836384981E+03
    9.2625000000E-03    5.0000000000E-02    5.0000000000E-02    1.0872179214E+03
    9.2875000000E-03    5.0000000000E-02    5.0000000000E-02    1.0908135993E+03
    9.3125000000E-03    5.0000000000E-02    5.0000000000E-02    1.0944256054E+03
    9.3375000000E-03    5.0000000000E-02    5.0000000000E-02    1.0980540140E+03
    9.3625000000E-03    5.0000000000E-02    5.0000000000E-02    1.1016988996E+03
    9.3875000000E-03    5.0000000000E-02    5.0000000000E-02    1.1053603368E+03
    9.4125000000E-03    5.0000000000E-02    5.0000000000E-02    1.1090384009E+03
    9.4375000000E-03    5.0000000000E-02    5.0000000000E-02    1.1127331674E+03
    9.4625000000E-03    5.0000000000E-02    5.0000000000E-02    1.1164447121E+03
    9.4875000000E-03    5.0000000000E-02    5.0000000000E-02    1.1201731112E+03
    9.5125000000E-03    5.0000000000E-02    5.0000000000E-02    1.1239184412E+03
    9.5375000000E-03    5.0000000000E-02    5.0000000000E-02    1.1276807789E+03
    9.5625000000E-03    5.0000000000E-02    5.0000000000E-02    1.1314602017E+03
    9.5875000000E-03    5.0000000000E-02    5.0000000000E-02    1.1352567870E+03
    9.6125000000E-03    5.0000000000E-02    5.0000000000E-02    1.1390706128E+03
    9.6375000000E-03    5.0000000000E-02    5.0000000000E-02    1.1429017574E+03
    9.6625000000E-03    5.0000000000E-02    5.0000000000E-02    1.1467502994E+03
    9.6875000000E-03    5.0000000000E-02    5.0000000000E-02    1.1506163178E+03
    9.7125000000E-03    5.0000000000E-02    5.0000000000E-02    1.1544998920E+03
    9.7375000000E-03    5.0000000000E-02    5.0000000000E-02    1.1584011016E+03
    9.7625000000E-03    5.0000000000E-02    5.0000000000E-02    1.1623200268E+03
    9.7875000000E-03    5.0000000000E-02    5.0000000000E-02    1.1662567479E+03
    9.8125000000E-03    5.0000000000E-02    5.0000000000E-02    1.1702113458E+03
    9.8375000000E-03    5.0000000000E-02    5.0000000000E-02    1.1741839017E+03
    9.8625000000E-03    5.0000000000E-02    5.0000000000E-02    1.1781744971E+03
    9.8875000000E-03    5.0000000000E-02    5.0000000000E-02    1.1821832139E+03
    9.9125000000E-03    5.0000000000E-02    5.0000000000E-02    1.1862101343E+03
    9.9375000000E-03    5.0000000000E-02    5.0000000000E-02    1.1902553411E+03
    9.9625000000E-03    5.0000000000E-02    5.0000000000E-02    1.1943189173E+03
    9.9875000000E-03    5.0000000000E-02    5.0000000000E-02    1.1984009462E+03
