# x_w(m)  T_w(K)  q_w(W/m2)  p_w(Pa)
   5.0000000E-03   8.0000000E+02  -6.4801498E-07   0.0000000E+00
   1.5000000E-02   8.0000000E+02  -6.1390892E-07   0.0000000E+00
   2.5000000E-02   8.0000000E+02  -5.8093974E-07   0.0000000E+00
   3.5000000E-02   8.0000000E+02  -5.5138116E-07   0.0000000E+00
   4.5000000E-02   8.0000000E+02  -5.2409632E-07   0.0000000E+00
   5.5000000E-02   8.0000000E+02  -4.9794835E-07   0.0000000E+00
   6.5000000E-02   8.0000000E+02  -4.7407411E-07   0.0000000E+00
   7.5000000E-02   8.0000000E+02  -4.5019988E-07   0.0000000E+00
   8.5000000E-02   8.0000000E+02  -4.2746251E-07   0.0000000E+00
   9.5000000E-02   8.0000000E+02  -4.1040948E-07   0.0000000E+00
   1.0500000E-01   8.0000000E+02  -3.8994585E-07   0.0000000E+00
   1.1500000E-01   8.0000000E+02  -3.7289283E-07   0.0000000E+00
   1.2500000E-01   8.0000000E+02  -3.5697667E-07   0.0000000E+00
   1.3500000E-01   8.0000000E+02  -3.4106051E-07   0.0000000E+00
   1.4500000E-01   8.0000000E+02  -3.2741809E-07   0.0000000E+00
   1.5500000E-01   8.0000000E+02  -3.1377567E-07   0.0000000E+00
   1.6500000E-01   8.0000000E+02  -3.0013325E-07   0.0000000E+00
   1.7500000E-01   8.0000000E+02  -2.8762770E-07   0.0000000E+00
   1.8500000E-01   8.0000000E+02  -2.7739588E-07   0.0000000E+00
   1.9500000E-01   8.0000000E+02  -2.6830094E-07   0.0000000E+00
   2.0500000E-01   8.0000000E+02  -2.5806912E-07   0.0000000E+00
   2.1500000E-01   8.0000000E+02  -2.4897417E-07   0.0000000E+00
   2.2500000E-01   8.0000000E+02  -2.4215296E-07   0.0000000E+00
   2.3500000E-01   8.0000000E+02  -2.3305802E-07   0.0000000E+00
   2.4500000E-01   8.0000000E+02  -2.2396307E-07   0.0000000E+00
   2.5500000E-01   8.0000000E+02  -2.1827873E-07   0.0000000E+00
   2.6500000E-01   8.0000000E+02  -2.1373125E-07   0.0000000E+00
   2.7500000E-01   8.0000000E+02  -2.0577318E-07   0.0000000E+00
   2.8500000E-01   8.0000000E+02  -2.0008883E-07   0.0000000E+00
   2.9500000E-01   8.0000000E+02  -1.9554136E-07   0.0000000E+00
   3.0500000E-01   8.0000000E+02  -1.9099389E-07   0.0000000E+00
   3.1500000E-01   8.0000000E+02  -1.8644641E-07   0.0000000E+00
   3.2500000E-01   8.0000000E+02  -1.8189894E-07   0.0000000E+00
   3.3500000E-01   8.0000000E+02  -1.7735147E-07   0.0000000E+00
   3.4500000E-01   8.0000000E+02  -1.7394086E-07   0.0000000E+00
   3.5500000E-01   8.0000000E+02  -1.7166712E-07   0.0000000E+00
   3.6500000E-01   8.0000000E+02  -1.6939339E-07   0.0000000E+00
   3.7500000E-01   8.0000000E+02  -1.6598278E-07   0.0000000E+00
   3.8500000E-01   8.0000000E+02  -1.6257218E-07   0.0000000E+00
   3.9500000E-01   8.0000000E+02  -1.6029844E-07   0.0000000E+00
   4.0500000E-01   8.0000000E+02  -1.5575097E-07   0.0000000E+00
   4.1500000E-01   8.0000000E+02  -1.5461410E-07   0.0000000E+00
   4.2500000E-01   8.0000000E+02  -1.5347723E-07   0.0000000E+00
   4.3500000E-01   8.0000000E+02  -1.5234036E-07   0.0000000E+00
   4.4500000E-01   8.0000000E+02  -1.4892976E-07   0.0000000E+00
   4.5500000E-01   8.0000000E+02  -1.4665602E-07   0.0000000E+00
   4.6500000E-01   8.0000000E+02  -1.4665602E-07   0.0000000E+00
   4.7500000E-01   8.0000000E+02  -1.4324542E-07   0.0000000E+00
   4.8500000E-01   8.0000000E+02  -1.4324542E-07   0.0000000E+00
   4.9500000E-01   8.0000000E+02  -1.4324542E-07   0.0000000E+00
   5.0500000E-01   8.0000000E+02  -1.4210855E-07   0.0000000E+00
   5.1500000E-01   8.0000000E+02  -1.3983481E-07   0.0000000E+00
   5.2500000E-01   8.0000000E+02  -1.3869794E-07   0.0000000E+00
   5.3500000E-01   8.0000000E+02  -1.4097168E-07   0.0000000E+00
   5.4500000E-01   8.0000000E+02  -1.3756107E-07   0.0000000E+00
   5.5500000E-01   8.0000000E+02  -1.3642421E-07   0.0000000E+00
   5.6500000E-01   8.0000000E+02  -1.3528734E-07   0.0000000E+00
   5.7500000E-01   8.0000000E+02  -1.3415047E-07   0.0000000E+00
   5.8500000E-01   8.0000000E+02  -1.3528734E-07   0.0000000E+00
   5.9500000E-01   8.0000000E+02  -1.3415047E-07   0.0000000E+00
   6.0500000E-01   8.0000000E+02  -1.3415047E-07   0.0000000E+00
   6.1500000E-01   8.0000000E+02  -1.3301360E-07   0.0000000E+00
   6.2500000E-01   8.0000000E+02  -1.2960300E-07   0.0000000E+00
   6.3500000E-01   8.0000000E+02  -1.3187673E-07   0.0000000E+00
   6.4500000E-01   8.0000000E+02  -1.3073986E-07   0.0000000E+00
   6.5500000E-01   8.0000000E+02  -1.2960300E-07   0.0000000E+00
   6.6500000E-01   8.0000000E+02  -1.3187673E-07   0.0000000E+00
   6.7500000E-01   8.0000000E+02  -1.2846613E-07   0.0000000E+00
   6.8500000E-01   8.0000000E+02  -1.3073986E-07   0.0000000E+00
   6.9500000E-01   8.0000000E+02  -1.2960300E-07   0.0000000E+00
   7.0500000E-01   8.0000000E+02  -1.3073986E-07   0.0000000E+00
   7.1500000E-01   8.0000000E+02  -1.3073986E-07   0.0000000E+00
   7.2500000E-01   8.0000000E+02  -1.2732926E-07   0.0000000E+00
   7.3500000E-01   8.0000000E+02  -1.2732926E-07   0.0000000E+00
   7.4500000E-01   8.0000000E+02  -1.2846613E-07   0.0000000E+00
   7.5500000E-01   8.0000000E+02  -1.2732926E-07   0.0000000E+00
   7.6500000E-01   8.0000000E+02  -1.2846613E-07   0.0000000E+00
   7.7500000E-01   8.0000000E+02  -1.2619239E-07   0.0000000E+00
   7.8500000E-01   8.0000000E+02  -1.2732926E-07   0.0000000E+00
   7.9500000E-01   8.0000000E+02  -1.2732926E-07   0.0000000E+00
   8.0500000E-01   8.0000000E+02  -1.2619239E-07   0.0000000E+00
   8.1500000E-01   8.0000000E+02  -1.2619239E-07   0.0000000E+00
   8.2500000E-01   8.0000000E+02  -1.2505552E-07   0.0000000E+00
   8.3500000E-01   8.0000000E+02  -1.2505552E-07   0.0000000E+00
   8.4500000E-01   8.0000000E+02  -1.2732926E-07   0.0000000E+00
   8.5500000E-01   8.0000000E+02  -1.2846613E-07   0.0000000E+00
   8.6500000E-01   8.0000000E+02  -1.2619239E-07   0.0000000E+00
   8.7500000E-01   8.0000000E+02  -1.2619239E-07   0.0000000E+00
   8.8500000E-01   8.0000000E+02  -1.2732926E-07   0.0000000E+00
   8.9500000E-01   8.0000000E+02  -1.2505552E-07   0.0000000E+00
   9.0500000E-01   8.0000000E+02  -1.2505552E-07   0.0000000E+00
   9.1500000E-01   8.0000000E+02  -1.2505552E-07   0.0000000E+00
   9.2500000E-01   8.0000000E+02  -1.2732926E-07   0.0000000E+00
   9.3500000E-01   8.0000000E+02  -1.2732926E-07   0.0000000E+00
   9.4500000E-01   8.0000000E+02  -1.2391865E-07   0.0000000E+00
   9.5500000E-01   8.0000000E+02  -1.2505552E-07   0.0000000E+00
   9.6500000E-01   8.0000000E+02  -1.2732926E-07   0.0000000E+00
   9.7500000E-01   8.0000000E+02  -1.2505552E-07   0.0000000E+00
   9.8500000E-01   8.0000000E+02  -1.2846613E-07   0.0000000E+00
   9.9500000E-01   8.0000000E+02  -1.2619239E-07   0.0000000E+00
